6.610902958838502741e+01
2.415674892955369160e+03
4.062971872648121007e+03
5.481090519555961691e+03
6.833694707709700197e+03
8.148300406907764227e+03
9.405287818541379238e+03
1.064994773627839822e+04
1.188996816062443759e+04
1.312500609810981587e+04
1.435110945738252303e+04
1.556232131143597508e+04
1.675167374111094614e+04
1.791182135943380490e+04
1.903545518126427123e+04
2.011557902219656899e+04
2.114569678449583080e+04
2.211993913387585417e+04
2.303314677354331070e+04
2.388092129907796334e+04
2.465965051155516630e+04
2.536651267250582532e+04
2.599946299244454713e+04
2.655720520068538463e+04
2.703915081005864340e+04
2.744536875982172569e+04
2.777652824509807397e+04
2.803383767176037509e+04
2.821898266694315316e+04
2.833406579037064512e+04
2.838155021652617506e+04
2.836420904580206479e+04
2.828508128179386404e+04
2.814743472306274634e+04
2.795473529543018230e+04
2.771062169874732353e+04
2.741888376208730551e+04
2.708344260483212565e+04
2.670833068627714965e+04
2.629766993328417084e+04
2.585564652442134684e+04
2.538648144699186741e+04
2.489439656441919215e+04
2.438357660965988543e+04
2.385812814182566945e+04
2.332203698708192678e+04
2.277912599665050948e+04
2.223301506836054978e+04
2.168708526187173265e+04
2.114444856998613250e+04
2.060792450354155153e+04
2.008002417172740752e+04
1.956294205509523090e+04
1.905855522570983885e+04
1.856842939777038919e+04
1.809383091684144165e+04
1.763574362486272730e+04
1.719488946172100259e+04
1.677175167089995375e+04
1.636659955057550360e+04
1.597951380889143002e+04
1.561041172521207409e+04
1.525907147488964074e+04
1.492515512910986035e+04
1.460822998393679700e+04
1.430778799853523378e+04
1.402326323067070007e+04
1.375404724372666533e+04
1.349950252697653559e+04
1.325897402151290407e+04
1.303179887735799821e+04
1.281731458980109164e+04
1.261486567367488897e+04
1.242380903758090790e+04
1.224351821692552949e+04
1.207338661692498863e+04
1.191282990746786527e+04
1.176128769839241977e+04
1.161822461280973039e+04
1.148313086121860943e+04
1.135552240888929919e+04
1.123494081494753664e+04
1.112095281191816321e+04
1.101314968419694924e+04
1.091114649416112115e+04
1.081458119774491206e+04
1.072311368316943299e+04
1.063642476161424929e+04
1.055421513181355658e+04
1.047620433732697711e+04
1.040212973090764172e+04
1.033174545735158790e+04
1.026482146296935571e+04
1.020114253849881788e+04
1.014050739983542007e+04
1.008272780919051183e+04
1.002762773936982376e+04
9.975042581060730299e+03
9.924818394160321986e+03
9.876811201707409055e+03
9.830886326044248563e+03
9.786917766366603246e+03
9.744787614682421918e+03
9.704385510260904994e+03
9.665608129176098373e+03
9.628358708770932935e+03
9.592546603059179688e+03
9.558086869530579861e+03
9.524899883794281777e+03
9.492910980781385661e+03
9.462050121385158491e+03
9.432251582088945725e+03
9.403453666192232049e+03
9.375598435836751378e+03
9.348631462321689469e+03
9.322501594339608346e+03
9.297160742524805755e+03
9.272563678897224236e+03
9.248667850487023316e+03
9.225433206316280121e+03
9.202822036038687656e+03
9.180798820022793734e+03
9.159330089947976376e+03
9.138384298869385020e+03
9.117931700527567955e+03
9.097944236405124684e+03
9.078395431332417502e+03
9.059260295402600605e+03
9.040515233065545544e+03
9.022137958099769094e+03
9.004107414501453604e+03
8.986403702364004857e+03
8.969008008973019969e+03
8.951902544284157557e+03
8.935070480686295923e+03
8.918495896693531904e+03
8.902163724257052309e+03
8.886059699628605813e+03
8.870170317073580009e+03
8.854482785982221685e+03
8.838984990185968854e+03
8.823665450201566273e+03
8.808513287838140968e+03
8.793518192651108620e+03
8.778670390918396151e+03
8.763960616279613532e+03
8.749380082096286060e+03
8.734920455691197276e+03
8.720573834001432260e+03
8.706332720727181368e+03
8.692190004830659745e+03
8.678138940308019301e+03
8.664173127115156603e+03
8.650286493323073955e+03
8.636473278098848823e+03
8.622728015899367165e+03
8.609045521333880970e+03
8.595420875087098466e+03
8.581849410519780577e+03
8.568326701076046447e+03
8.554848548252084584e+03
8.541410970522889329e+03
8.528010192477744567e+03
8.514642634938802075e+03
8.501304905305720240e+03
8.487993788672589289e+03
8.474706239093444310e+03
8.461439371786009360e+03
8.448190455172620204e+03
8.434956903934611546e+03
8.421736271834110084e+03
8.408526245466526234e+03
8.395324637879111833e+03
8.382129382793134937e+03
8.368938529006763929e+03
8.355750235099214478e+03
8.342562764399102889e+03
8.329374480207939996e+03
8.316183841252477578e+03
8.302989397363555327e+03
8.289789785365079297e+03
8.276583725138832961e+03
8.263370015965294442e+03
8.250147532906761626e+03
8.236915223427919045e+03
8.223672104242457863e+03
8.210417258157378456e+03
8.197149831228573021e+03
8.183869029904441959e+03
8.170574118344697126e+03
8.157264416029895074e+03
8.143939295098899493e+03
8.130598178262654073e+03
8.117240536429168969e+03
8.103865886674527246e+03
8.090473790193398600e+03
8.077063850392316454e+03
8.063635710988181017e+03
8.050189054292365654e+03
8.036723599483323596e+03
8.023239101079273496e+03
8.009735347255541456e+03
7.996212158447427100e+03
7.982669385921064531e+03
7.969106910394318220e+03
7.955524640731224281e+03
7.941922512769594505e+03
7.928300487971602706e+03
7.914658552444207999e+03
7.900996715729081188e+03
7.887315009787178496e+03
7.873613487969399102e+03
7.859892224082404027e+03
7.846151311430738133e+03
7.832390861886633502e+03
7.818611005136534914e+03
7.804811887687033050e+03
7.790993672263766712e+03
7.777156536932805466e+03
7.763300674372098911e+03
7.749426291198789841e+03
7.735533607271669098e+03
7.721622855107197211e+03
7.707694279129193092e+03
7.693748135208666099e+03
7.679784689953892666e+03
7.665804220279764195e+03
7.651807012747388399e+03
7.637793363159029468e+03
7.623763576012491285e+03
7.609717964014199424e+03
7.595656847633872530e+03
7.581580554708120872e+03
7.567489419909595199e+03
7.553383784450408712e+03
7.539263995606334902e+03
7.525130406428563219e+03
7.510983375240118221e+03
7.496823265430251922e+03
7.482650445001911976e+03
7.468465286362492407e+03
7.454268165855186453e+03
7.440059463577811584e+03
7.425839563098184044e+03
7.411608851068586773e+03
7.397367717059296410e+03
7.383116553237176959e+03
7.368855754129631350e+03
7.354585716385838168e+03
7.340306838600258743e+03
7.326019520939163158e+03
7.311724165084571723e+03
7.297421173984919733e+03
7.283110951519725859e+03
7.268793902561360483e+03
7.254470432506635916e+03
7.240140947348300870e+03
7.225805853323710835e+03
7.211465556827027285e+03
7.197120464307051407e+03
7.182770981936889257e+03
7.168417515645639469e+03
7.154060470925534901e+03
7.139700252611341966e+03
7.125337264854312707e+03
7.110971910995118378e+03
7.096604593294713595e+03
7.082235713071566352e+03
7.067865670301232967e+03
7.053494863733760212e+03
7.039123690728740257e+03
7.024752547040282479e+03
7.010381826936000834e+03
6.996011922914222851e+03
6.981643225681619697e+03
6.967276124133646590e+03
6.952911005178731102e+03
6.938548253709098390e+03
6.924188252506512981e+03
6.909831382211928030e+03
6.895478021206322410e+03
6.881128545569045855e+03
6.866783329061292534e+03
6.852442742933618320e+03
6.838107156023826974e+03
6.823776934662035274e+03
6.809452442515157600e+03
6.795134040685445143e+03
6.780822087584131623e+03
6.766516938872337960e+03
6.752218947459247829e+03
6.737928463534453840e+03
6.723645834343914430e+03
6.709371404288778649e+03
6.695105514907900215e+03
6.680848504753863381e+03
6.666600709442349398e+03
6.652362461589066697e+03
6.638134090804838706e+03
6.623915923639664470e+03
6.609708283532840142e+03
6.595511491002709590e+03
6.581325863265347834e+03
6.567151714479578004e+03
6.552989355756518307e+03
6.538839094997478242e+03
6.524701236844688538e+03
6.510576082890203907e+03
6.496463931511478222e+03
6.482365077867217224e+03
6.468279813879312314e+03
6.454208428301553795e+03
6.440151206695699329e+03
6.426108431335615933e+03
6.412080381281713017e+03
6.398067332406342757e+03
6.384069557330291900e+03
6.370087325433248225e+03
6.356120902789376487e+03
6.342170552412671896e+03
6.328236533995688660e+03
6.314319103912051105e+03
6.300418515438884242e+03
6.286535018616360503e+03
6.272668860248955752e+03
6.258820283906095938e+03
6.244989529988156391e+03
6.231176835702717653e+03
6.217382435141861606e+03
6.203606559041812034e+03
6.189849435073853783e+03
6.176111287826091939e+03
6.162392338657468827e+03
6.148692805742211021e+03
6.135012904219064694e+03
6.121352846044894250e+03
6.107712840190664792e+03
6.094093092395208259e+03
6.080493805373920623e+03
6.066915178795564316e+03
6.053357409347406247e+03
6.039820690584147997e+03
6.026305213019708390e+03
6.012811164253411334e+03
5.999338728893219013e+03
5.985888088569468891e+03
5.972459421930900135e+03
5.959052904669078998e+03
5.945668709563717130e+03
5.932307006644415196e+03
5.918967962844098111e+03
5.905651742326980639e+03
5.892358506350406969e+03
5.879088413462909557e+03
5.865841619340851139e+03
5.852618276842674277e+03
5.839418536045217479e+03
5.826242544268240636e+03
5.813090446179706305e+03
5.799962383732468879e+03
5.786858496087059393e+03
5.773778919728542860e+03
5.760723788572930971e+03
5.747693233879853324e+03
5.734687384339430537e+03
5.721706365917260882e+03
5.708750302086374177e+03
5.695819313773617978e+03
5.682913519369013557e+03
5.670033034787372344e+03
5.657177973407103309e+03
5.644348446125562077e+03
5.631544561385902853e+03
5.618766425265983344e+03
5.606014141485468826e+03
5.593287811281088580e+03
5.580587533514393726e+03
5.567913404718056881e+03
5.555265519187903010e+03
5.542643968882124682e+03
5.530048843528671568e+03
5.517480230452319120e+03
5.504938214863455869e+03
5.492422879718254080e+03
5.479934305775136636e+03
5.467472571746999165e+03
5.455037754073296128e+03
5.442629927082831273e+03
5.430249162908608923e+03
5.417895531775175186e+03
5.405569101796122595e+03
5.393269938988742069e+03
5.380998107434044869e+03
5.368753669084879220e+03
5.356536683947218080e+03
5.344347210156330220e+03
5.332185303864217531e+03
5.320051019332907345e+03
5.307944408894939443e+03
5.295865523008083983e+03
5.283814410216282340e+03
5.271791117297540950e+03
5.259795689255965954e+03
5.247828169320902816e+03
5.235888598819565232e+03
5.223977017463402262e+03
5.212093463021795287e+03
5.200237971729814490e+03
5.188410578154498580e+03
5.176611315120109793e+03
5.164840213861614757e+03
5.153097303829637895e+03
5.141382612970933224e+03
5.129696167578538734e+03
5.118037992432067767e+03
5.106408110756807218e+03
5.094806544283046605e+03
5.083233313121824722e+03
5.071688435880845645e+03
5.060171929688379350e+03
5.048683810279754653e+03
5.037224091869768017e+03
5.025792787395200321e+03
5.014389908289563209e+03
5.003015464519783563e+03
4.991669464769926890e+03
4.980351916247963345e+03
4.969062825010543747e+03
4.957802195735238456e+03
4.946570031726228081e+03
4.935366335147157770e+03
4.924191106718008086e+03
4.913044346030610541e+03
4.901926051374677627e+03
4.890836219772560071e+03
4.879774847244806551e+03
4.868741928448451290e+03
4.857737457056286985e+03
4.846761425459968450e+03
4.835813824830531303e+03
4.824894645370467515e+03
4.814003876046222103e+03
4.803141504919351064e+03
4.792307518874520611e+03
4.781501903820351799e+03
4.770724644493984670e+03
4.759975724741555496e+03
4.749255127249090947e+03
4.738562833768574819e+03
4.727898825114237297e+03
4.717263081120853712e+03
4.706655580754601033e+03
4.696076301930498630e+03
4.685525221678047274e+03
4.675002316098739357e+03
4.664507560380326140e+03
4.654040928850831733e+03
4.643602395038306895e+03
4.633191931549679794e+03
4.622809510201544981e+03
4.612455101980332984e+03
4.602128677042899653e+03
4.591830204716613480e+03
4.581559653591298229e+03
4.571316991400421102e+03
4.561102185180189736e+03
4.550915201244687523e+03
4.540756005174087477e+03
4.530624561811127023e+03
4.520520835341207203e+03
4.510444789091137864e+03
4.500396385851709056e+03
4.490375587616867961e+03
4.480382355786284279e+03
4.470416651167691271e+03
4.460478433801430583e+03
4.450567663286826246e+03
4.440684298463232153e+03
4.430828297544289853e+03
4.420999618260043462e+03
4.411198217679088884e+03
4.401424052187310735e+03
4.391677077789382565e+03
4.381957249931038859e+03
4.372264523455512972e+03
4.362598852687985527e+03
4.352960191453278640e+03
4.343348493047761622e+03
4.333763710240929868e+03
4.324205795345559636e+03
4.314674700071046573e+03
4.305170375860983768e+03
4.295692773564595882e+03
4.286241843631035408e+03
4.276817536070464485e+03
4.267419800457313613e+03
4.258048585972554065e+03
4.248703841211585313e+03
4.239385514559636249e+03
4.230093553858559062e+03
4.220827906606036777e+03
4.211588519967677712e+03
4.202375340702394169e+03
4.193188315241584860e+03
4.184027389697311264e+03
4.174892509662644443e+03
4.165783620601625444e+03
4.156700667473677640e+03
4.147643594949739054e+03
4.138612347392935590e+03
4.129606868876830958e+03
4.120627103183619511e+03
4.111672993807020248e+03
4.102744484007168467e+03
4.093841516664641404e+03
4.084964034381805050e+03
4.076111979637180866e+03
4.067285294476125728e+03
4.058483920740222857e+03
4.049707800105273236e+03
4.040956873829081360e+03
4.032231083143240994e+03
4.023530369032398085e+03
4.014854672185485470e+03
4.006203933051134300e+03
3.997578092065581586e+03
3.988977089258226897e+03
3.980400864586551506e+03
3.971849357648412479e+03
3.963322508014025971e+03
3.954820255084612199e+03
3.946342537950231872e+03
3.937889295762063739e+03
3.929460467354022512e+03
3.921055991408712998e+03
3.912675806625888981e+03
3.904319851449907674e+03
3.895988064069518259e+03
3.887680382699801157e+03
3.879396745373111571e+03
3.871137090048886876e+03
3.862901354406990777e+03
3.854689476260761694e+03
3.846501393171477048e+03
3.838337042622162699e+03
3.830196362047221101e+03
3.822079288749933312e+03
3.813985759978094848e+03
3.805915712915068070e+03
3.797869084528197618e+03
3.789845811825632154e+03
3.781845831779868604e+03
3.773869081188789096e+03
3.765915496774888652e+03
3.757985015405020022e+03
3.750077573727001436e+03
3.742193108399374069e+03
3.734331556095600718e+03
3.726492853270985506e+03
3.718676936518793809e+03
3.710883742396209527e+03
3.703113207246738057e+03
3.695365267618615235e+03
3.687639859798363432e+03
3.679936920302445287e+03
3.672256385460004822e+03
3.664598191653048616e+03
3.656962275269176189e+03
3.649348572706450341e+03
3.641757020339847259e+03
3.634187554611468386e+03
3.626640111816229819e+03
3.619114628449839529e+03
3.611611040815203523e+03
3.604129285433200494e+03
3.596669298681571490e+03
3.589231016996566723e+03
3.581814376824110241e+03
3.574419314781074718e+03
3.567045767442233682e+03
3.559693671275240376e+03
3.552362962955479361e+03
3.545053579162618007e+03
3.537765456675475889e+03
3.530498532116466777e+03
3.523252742397838574e+03
3.516028024231526615e+03
3.508824314628184311e+03
3.501641550454473418e+03
3.494479668701371338e+03
3.487338606425113994e+03
3.480218300748553247e+03
3.473118688862124145e+03
3.466039708024575702e+03
3.458981295563403819e+03
3.451943388940724617e+03
3.444925925502583141e+03
3.437928842928246922e+03
3.430952078697825982e+03
3.423995570623423191e+03
3.417059256407531848e+03
3.410143073836561143e+03
3.403246960945212322e+03
3.396370855688039683e+03
3.389514696181650834e+03
3.382678420601078415e+03
3.375861967340421415e+03
3.369065274620735636e+03
3.362288281028993424e+03
3.355530925182064948e+03
3.348793145651673512e+03
3.342074881333160192e+03
3.335376070964103747e+03
3.328696653674233858e+03
3.322036568443857959e+03
3.315395754379712798e+03
3.308774150905973784e+03
3.302171697341755589e+03
3.295588333175613116e+03
3.289023998029126233e+03
3.282478631638218758e+03
3.275952173922767088e+03
3.269444564707673635e+03
3.262955744143759603e+03
3.256485652499466141e+03
3.250034229949241762e+03
3.243601417067803595e+03
3.237187154265199297e+03
3.230791382353453628e+03
3.224414042049841100e+03
3.218055074189233437e+03
3.211714419943833036e+03
3.205392020399739067e+03
3.199087816843212295e+03
3.192801750694394286e+03
3.186533763520894354e+03
3.180283797075908296e+03
3.174051793019484194e+03
3.167837693373873208e+03
3.161641440313579551e+03
3.155462975884726802e+03
3.149302242508799281e+03
3.143159182756489372e+03
3.137033739133981271e+03
3.130925854346535743e+03
3.124835471383991262e+03
3.118762533212963717e+03
3.112706982951554437e+03
3.106668763923325969e+03
3.100647819527177035e+03
3.094644093375725788e+03
3.088657529159047499e+03
3.082688070752175918e+03
3.076735662176185087e+03
3.070800247551701887e+03
3.064881771261617814e+03
3.058980177602368258e+03
3.053095411209087615e+03
3.047227416878564327e+03
3.041376139329851412e+03
3.035541523726149080e+03
3.029723515139062329e+03
3.023922058772604942e+03
3.018137100217979423e+03
3.012368584986252699e+03
3.006616458814804446e+03
3.000880667590760822e+03
2.995161157351260954e+03
2.989457874283594720e+03
2.983770764725190020e+03
2.978099775163518643e+03
2.972444852235893450e+03
2.966805942729147318e+03
2.961182993658013856e+03
2.955575951949381761e+03
2.949984764914179777e+03
2.944409380013548798e+03
2.938849744629999350e+03
2.933305806602368193e+03
2.927777513674663624e+03
2.922264813736078850e+03
2.916767655073535025e+03
2.911285985912427350e+03
2.905819754682302573e+03
2.900368909877527585e+03
2.894933400426746175e+03
2.889513175151898395e+03
2.884108183079567425e+03
2.878718373448014972e+03
2.873343695683305668e+03
2.867984099123979377e+03
2.862639533543780999e+03
2.857309948721066121e+03
2.851995294664793619e+03
2.846695521532828479e+03
2.841410579472874360e+03
2.836140419026530253e+03
2.830884990637926876e+03
2.825644245158827289e+03
2.820418133314559782e+03
2.815206606306462618e+03
2.810009615207877687e+03
2.804827111305527524e+03
2.799659046239487907e+03
2.794505371565299811e+03
2.789366039103646926e+03
2.784241000802390317e+03
2.779130208748340920e+03
2.774033615212357745e+03
2.768951172613391464e+03
2.763882833509547709e+03
2.758828550599679147e+03
2.753788276753120499e+03
2.748761964987970259e+03
2.743749568555858332e+03
2.738751040600152010e+03
2.733766334668167019e+03
2.728795404452898310e+03
2.723838203544421958e+03
2.718894686031368110e+03
2.713964805810099733e+03
2.709048517273949983e+03
2.704145774708942554e+03
2.699256532551883993e+03
2.694380745650806148e+03
2.689518368743903920e+03
2.684669356718674862e+03
2.679833664873794078e+03
2.675011248397491272e+03
2.670202062717556146e+03
2.665406063406394424e+03
2.660623206183334332e+03
2.655853446913843072e+03
2.651096741608635966e+03
2.646353046422785155e+03
2.641622317673742600e+03
2.636904511910877773e+03
2.632199585546512481e+03
2.627507495401596771e+03
2.622828198460908425e+03
2.618161651607365911e+03
2.613507812101306172e+03
2.608866637351279223e+03
2.604238084693141900e+03
2.599622111920189127e+03
2.595018676604986013e+03
2.590427736886974344e+03
2.585849250710689375e+03
2.581283176197558078e+03
2.576729471902523073e+03
2.572188096192957801e+03
2.567659007663597549e+03
2.563142165230839964e+03
2.558637527773055808e+03
2.554145054312004049e+03
2.549664704096614059e+03
2.545196436430241192e+03
2.540740210845536240e+03
2.536295986920698397e+03
2.531863724468962118e+03
2.527443383355222977e+03
2.523034923652554880e+03
2.518638305646677054e+03
2.514253489454656574e+03
2.509880435678454887e+03
2.505519104898751266e+03
2.501169457959712872e+03
2.496831455590795031e+03
2.492505058979598743e+03
2.488190229101289788e+03
2.483886927371403999e+03
2.479595115325029838e+03
2.475314754418685880e+03
2.471045806281151272e+03
2.466788232958454046e+03
2.462541996247864972e+03
2.458307058436138504e+03
2.454083381681141418e+03
2.449870928372470644e+03
2.445669660935430784e+03
2.441479542211576700e+03
2.437300534886802325e+03
2.433132601865959714e+03
2.428975706195395560e+03
2.424829811056823019e+03
2.420694879764196230e+03
2.416570875763451568e+03
2.412457762632182948e+03
2.408355504079307138e+03
2.404264063944695863e+03
2.400183406198777902e+03
2.396113495039050576e+03
2.392054294502073844e+03
2.388005769043977125e+03
2.383967883152804461e+03
2.379940601542215518e+03
2.375923888761155467e+03
2.371917709777569598e+03
2.367922029686381393e+03
2.363936813414600238e+03
2.359962026405811230e+03
2.355997633840961953e+03
2.352043601423293694e+03
2.348099894579067950e+03
2.344166479250553948e+03
2.340243321206158271e+03
2.336330386335057483e+03
2.332427640951181729e+03
2.328535051216571446e+03
2.324652583393827626e+03
2.320780204161084384e+03
2.316917880018441338e+03
2.313065577719418343e+03
2.309223264128036590e+03
2.305390906204806925e+03
2.301568471034047889e+03
2.297755925869670136e+03
2.293953238039084681e+03
2.290160374974072965e+03
2.286377304286385879e+03
2.282603993668184557e+03
2.278840410901065297e+03
2.275086523960619161e+03
2.271342300876483932e+03
2.267607709795520805e+03
2.263882719146517957e+03
2.260167297074444832e+03
2.256461412236438264e+03
2.252765033237541957e+03
2.249078128920531981e+03
2.245400667959921066e+03
2.241732619391170829e+03
2.238073952445394298e+03
2.234424636065302366e+03
2.230784639819610675e+03
2.227153932875673036e+03
2.223532485027999428e+03
2.219920265674893926e+03
2.216317244824318550e+03
2.212723392222427719e+03
2.209138677758685390e+03
2.205563071756027057e+03
2.201996544279205864e+03
2.198439065593819123e+03
2.194890606283993293e+03
2.191351136811247670e+03
2.187820627831092224e+03
2.184299050057729801e+03
2.180786374289866671e+03
2.177282571689373981e+03
2.173787613208304265e+03
2.170301470063209308e+03
2.166824113531325111e+03
2.163355514983143166e+03
2.159895645943861382e+03
2.156444478028231970e+03
2.153001982909230264e+03
2.149568132411106944e+03
2.146142898465805956e+03
2.142726253092675506e+03
2.139318168492928635e+03
2.135918616690654744e+03
2.132527570131049288e+03
2.129145001253876671e+03
2.125770882686269942e+03
2.122405186843308456e+03
2.119047886576192468e+03
2.115698954836170287e+03
2.112358364353893649e+03
2.109026088278871157e+03
2.105702099852063384e+03
2.102386372093319551e+03
2.099078878559309032e+03
2.095779592476080325e+03
2.092488487596427149e+03
2.089205537341048057e+03
2.085930715657739256e+03
2.082663996160678380e+03
2.079405352991545442e+03
2.076154759956678390e+03
2.072912191390397311e+03
2.069677621398248448e+03
2.066451024289020097e+03
2.063232374357785829e+03
2.060021646319471984e+03
2.056818814657619441e+03
2.053623854057806966e+03
2.050436739189810396e+03
2.047257445143073937e+03
2.044085946773104070e+03
2.040922219137436969e+03
2.037766237386370449e+03
2.034617976762462149e+03
2.031477412600125717e+03
2.028344520325177882e+03
2.025219275454364379e+03
2.022101653594884283e+03
2.018991630443914119e+03
2.015889181788077167e+03
2.012794283505694693e+03
2.009706911576323591e+03
2.006627042057598374e+03
2.003554651092912081e+03
2.000489714912710497e+03
1.997432209944886154e+03
1.994382112371466746e+03
1.991339398817476877e+03
1.988304045872085908e+03
1.985276030309438283e+03
1.982255328653590368e+03
1.979241917848903995e+03
1.976235774961818151e+03
1.973236876781493038e+03
1.970245200501866293e+03
1.967260723400286679e+03
1.964283422548189947e+03
1.961313275521742298e+03
1.958350259506695693e+03
1.955394352231754738e+03
1.952445531111248783e+03
1.949503774029917167e+03
1.946569058496657362e+03
1.943641362623325676e+03
1.940720664104554771e+03
1.937806941137556350e+03
1.934900171742164048e+03
1.932000333969951271e+03
1.929107406259596928e+03
1.926221366884557483e+03
1.923342194116498831e+03
1.920469866653475492e+03
1.917604363006633776e+03
1.914745661768420860e+03
1.911893741596590189e+03
1.909048581515626438e+03
1.906210160269487233e+03
1.903378456875661641e+03
1.900553450309961363e+03
1.897735119756577888e+03
1.894923444351380112e+03
1.892118403411897589e+03
1.889319976253611685e+03
1.886528142200922730e+03
1.883742880978873018e+03
1.880964172038583456e+03
1.878191995157886367e+03
1.875426329812885569e+03
1.872667155930960234e+03
1.869914453373003653e+03
1.867168202084199947e+03
1.864428382094892868e+03
1.861694973468123408e+03
1.858967956410182751e+03
1.856247311099705257e+03
1.853533018026461377e+03
1.850825057269449189e+03
1.848123409457633898e+03
1.845428055073523637e+03
1.842738974838479635e+03
1.840056149217712118e+03
1.837379559007170656e+03
1.834709185192837595e+03
1.832045008378385319e+03
1.829387009632272793e+03
1.826735170132015810e+03
1.824089470671918207e+03
1.821449892559499858e+03
1.818816417158195463e+03
1.816189025474879372e+03
1.813567699144876087e+03
1.810952419379185358e+03
1.808343167861621851e+03
1.805739925955185981e+03
1.803142675551266166e+03
1.800551398066360434e+03
1.797966075519817878e+03
1.795386689538052224e+03
1.792813222233877013e+03
1.790245655436191100e+03
1.787683971081744403e+03
1.785128151521138761e+03
1.782578178762597645e+03
1.780034034912300285e+03
1.777495702514882169e+03
1.774963163820838645e+03
1.772436401225233794e+03
1.769915397079955483e+03
1.767400134180402574e+03
1.764890595026605297e+03
1.762386762295325525e+03
1.759888618694517163e+03
1.757396146900562371e+03
1.754909330018467926e+03
1.752428150856476122e+03
1.749952592402667278e+03
1.747482637698068856e+03
1.745018269831674843e+03
1.742559471974732332e+03
1.740106227359851573e+03
1.737658519279459369e+03
1.735216331085638103e+03
1.732779646189974528e+03
1.730348448062462921e+03
1.727922720222551561e+03
1.725502446258216878e+03
1.723087609819712270e+03
1.720678194615800521e+03
1.718274184413570310e+03
1.715875563038265000e+03
1.713482314373086410e+03
1.711094422359011560e+03
1.708711871115510121e+03
1.706334644456814658e+03
1.703962726616808141e+03
1.701596101765557705e+03
1.699234754129888188e+03
1.696878668114497486e+03
1.694527827816519221e+03
1.692182217752657380e+03
1.689841822374887215e+03
1.687506626312485878e+03
1.685176613885176948e+03
1.682851769832390119e+03
1.680532078948783237e+03
1.678217525718088382e+03
1.675908095043964977e+03
1.673603771885203059e+03
1.671304540887984103e+03
1.669010387240545015e+03
1.666721295696175275e+03
1.664437251550437395e+03
1.662158239663452150e+03
1.659884245315155340e+03
1.657615253839042225e+03
1.655351250253291710e+03
1.653092220119149715e+03
1.650838148681869598e+03
1.648589021238629130e+03
1.646344823506441344e+03
1.644105540762401688e+03
1.641871158829944079e+03
1.639641663100549977e+03
1.637417039499187013e+03
1.635197273630765267e+03
1.632982351150149043e+03
1.630772258131950593e+03
1.628566980330213028e+03
1.626366503547994853e+03
1.624170814023060530e+03
1.621979897674880704e+03
1.619793740579413452e+03
1.617612328736931659e+03
1.615435648566889085e+03
1.613263686164850014e+03
1.611096427820750023e+03
1.608933859750407009e+03
1.606775968566319307e+03
1.604622740555025985e+03
1.602474162173234390e+03
1.600330219949473758e+03
1.598190900470288852e+03
1.596056190209153328e+03
1.593926076057832461e+03
1.591800544585627904e+03
1.589679582582384000e+03
1.587563176841532822e+03
1.585451314187456546e+03
1.583343981492710782e+03
1.581241165735135610e+03
1.579142853894176824e+03
1.577049032971491897e+03
1.574959690026838871e+03
1.572874812227830262e+03
1.570794386718823944e+03
1.568718400675174053e+03
1.566646841376812517e+03
1.564579696144315676e+03
1.562516952282329157e+03
1.560458597294242281e+03
1.558404618414082961e+03
1.556355003205223738e+03
1.554309739160333720e+03
1.552268813904924855e+03
1.550232215010750451e+03
1.548199930095085620e+03
1.546171947043295404e+03
1.544148253299216549e+03
1.542128836741214400e+03
1.540113685256800863e+03
1.538102786780794304e+03
1.536096128967627692e+03
1.534093699938334794e+03
1.532095487612075203e+03
1.530101480202915809e+03
1.528111665518050131e+03
1.526126031752052313e+03
1.524144567263520230e+03
1.522167259922786798e+03
1.520194098135324566e+03
1.518225070306595626e+03
1.516260164451322680e+03
1.514299369132398624e+03
1.512342672791948644e+03
1.510390063686919575e+03
1.508441530503180047e+03
1.506497061512947766e+03
1.504556645553871704e+03
1.502620270912234446e+03
1.500687926426905506e+03
1.498759600814055148e+03
1.496835282622393606e+03
1.494914960770844800e+03
1.492998624006131195e+03
1.491086260953684359e+03
1.489177860803980820e+03
1.487273412147675799e+03
1.485372904235565102e+03
1.483476325747239798e+03
1.481583665999347431e+03
1.479694913752304274e+03
1.477810058397557896e+03
1.475929088894467668e+03
1.474051994333329503e+03
1.472178764120043752e+03
1.470309387434419250e+03
1.468443853354227485e+03
1.466582151534787499e+03
1.464724271112071165e+03
1.462870201439248603e+03
1.461019932107361910e+03
1.459173452534220132e+03
1.457330752146969417e+03
1.455491820395820696e+03
1.453656647097270479e+03
1.451825221701110650e+03
1.449997533907728211e+03
1.448173573180532003e+03
1.446353329575745875e+03
1.444536792632622337e+03
1.442723952174091210e+03
1.440914798024313768e+03
1.439109319978887243e+03
1.437307507872089673e+03
1.435509351798572879e+03
1.433714841628168415e+03
1.431923967359804692e+03
1.430136718952510137e+03
1.428353086537497347e+03
1.426573060141572796e+03
1.424796629894218540e+03
1.423023786002663428e+03
1.421254518574412714e+03
1.419488817874802180e+03
1.417726674180890086e+03
1.415968077707696239e+03
1.414213018830020019e+03
1.412461487903796751e+03
1.410713475253486422e+03
1.408968971350348284e+03
1.407227966643365335e+03
1.405490451556046082e+03
1.403756416650206575e+03
1.402025852480932144e+03
1.400298749560565739e+03
1.398575098536459109e+03
1.396854890075497678e+03
1.395138114781203058e+03
1.393424763376093097e+03
1.391714826631138976e+03
1.390008295399276221e+03
1.388305160195754297e+03
1.386605412011336739e+03
1.384909041715568947e+03
1.383216040135662070e+03
1.381526398207900229e+03
1.379840107039437953e+03
1.378157157334807607e+03
1.376477540189086312e+03
1.374801246664388827e+03
1.373128267852007639e+03
1.371458594962909501e+03
1.369792218825930149e+03
1.368129130749341584e+03
1.366469322069586497e+03
1.364812783735926132e+03
1.363159507080216144e+03
1.361509483389478646e+03
1.359862704113245172e+03
1.358219160332579349e+03
1.356578843502633390e+03
1.354941745133448194e+03
1.353307856391861151e+03
1.351677168865918702e+03
1.350049674167846661e+03
1.348425363500755111e+03
1.346804228652921665e+03
1.345186260928039246e+03
1.343571452051074630e+03
1.341959793773983620e+03
1.340351277458020149e+03
1.338745895012735446e+03
1.337143637876455841e+03
1.335544498041274210e+03
1.333948466998075446e+03
1.332355536791397071e+03
1.330765698949845500e+03
1.329178945415315866e+03
1.327595268181111351e+03
1.326014658869947198e+03
1.324437109659362477e+03
1.322862612355710326e+03
1.321291158791282214e+03
1.319722741211890025e+03
1.318157351351314901e+03
1.316594981516620237e+03
1.315035623511501399e+03
1.313479269694570121e+03
1.311925911919744294e+03
1.310375542596309288e+03
1.308828153760784971e+03
1.307283737474827831e+03
1.305742286215130207e+03
1.304203792085772193e+03
1.302668247224625475e+03
1.301135644192356040e+03
1.299605975176295942e+03
1.298079232388492528e+03
1.296555408463880212e+03
1.295034495663551979e+03
1.293516486273055307e+03
1.292001373000974127e+03
1.290489148181467726e+03
1.288979804172881359e+03
1.287473333756865713e+03
1.285969729338437219e+03
1.284468983478542214e+03
1.282971088632365991e+03
1.281476037678490684e+03
1.279983823119663612e+03
1.278494437615500374e+03
1.277007873715864434e+03
1.275524124394135924e+03
1.274043182247009781e+03
1.272565040027896657e+03
1.271089690513451615e+03
1.269617126503491818e+03
1.268147340687430869e+03
1.266680326178159021e+03
1.265216075710953874e+03
1.263754582177436305e+03
1.262295838491981385e+03
1.260839837591610376e+03
1.259386572435904327e+03
1.257936036006922450e+03
1.256488221175377248e+03
1.255043121235512217e+03
1.253600729102537343e+03
1.252161037847545913e+03
1.250724040563660083e+03
1.249289730365951300e+03
1.247858100391338894e+03
1.246429143798506175e+03
1.245002853767804936e+03
1.243579223501165870e+03
1.242158246222000798e+03
1.240739915175115584e+03
1.239324223626612820e+03
1.237911164865131013e+03
1.236500732203164489e+03
1.235092918971282643e+03
1.233687718520835006e+03
1.232285124224043329e+03
1.230885129473906545e+03
1.229487727684102765e+03
1.228092912288905836e+03
1.226700676743065969e+03
1.225311014521713105e+03
1.223923919120269375e+03
1.222539384188849226e+03
1.221157402994220320e+03
1.219777969226513960e+03
1.218401076470205908e+03
1.217026718329613686e+03
1.215654888421504666e+03
1.214285580382386343e+03
1.212918787868413801e+03
1.211554504690026761e+03
1.210192724273008935e+03
1.208833440466488810e+03
1.207476647004210008e+03
1.206122337646364258e+03
1.204770506320197001e+03
1.203421146550191906e+03
1.202074252282885709e+03
1.200729817348905954e+03
1.199387835597559160e+03
1.198048301031721167e+03
1.196711207268367843e+03
1.195376548371889839e+03
1.194044318281279857e+03
1.192714511075241035e+03
1.191387120445476285e+03
1.190062140506634705e+03
1.188739565256328660e+03
1.187419388853841156e+03
1.186101605100261622e+03
1.184786208188219462e+03
1.183473192323876674e+03
1.182162551325204959e+03
1.180854279432904150e+03
1.179548370920193747e+03
1.178244819701433244e+03
1.176943620074296859e+03
1.175644766350980035e+03
1.174348252454480644e+03
1.173054072733850489e+03
1.171762221603896023e+03
1.170472693057060724e+03
1.169185481491670544e+03
1.167900581322739072e+03
1.166617986578665978e+03
1.165337691902378538e+03
1.164059691373313399e+03
1.162783979609412881e+03
1.161510550702485943e+03
1.160239399184316653e+03
1.158970519655774751e+03
1.157703906265435307e+03
1.156439553713241139e+03
1.155177456173375504e+03
1.153917608444909320e+03
1.152660004769229317e+03
1.151404639910649621e+03
1.150151508105592256e+03
1.148900604201585793e+03
1.147651922530065576e+03
1.146405457918481034e+03
1.145161204665604373e+03
1.143919157681900060e+03
1.142679311370249252e+03
1.141441660620067978e+03
1.140206199791052086e+03
1.138972923875960305e+03
1.137741827327987721e+03
1.136512905096478562e+03
1.135286151743561049e+03
1.134061561945402445e+03
1.132839130730814986e+03
1.131618852563469773e+03
1.130400722504786017e+03
1.129184735295968494e+03
1.127970885587634029e+03
1.126759168448872742e+03
1.125549578528440634e+03
1.124342110973654826e+03
1.123136760484329443e+03
1.121933521835621150e+03
1.120732390280548771e+03
1.119533360563923907e+03
1.118336427467889735e+03
1.117141586313797461e+03
1.115948831906054920e+03
1.114758159051307075e+03
1.113569563113427421e+03
1.112383038962667115e+03
1.111198581439399959e+03
1.110016185941862886e+03
1.108835847403028083e+03
1.107657560837327082e+03
1.106481321271601246e+03
1.105307124101331965e+03
1.104134964243828108e+03
1.102964836772690660e+03
1.101796737124131141e+03
1.100630660256766760e+03
1.099466601436707833e+03
1.098304555854145519e+03
1.097144518514973925e+03
1.095986485017425139e+03
1.094830450431325517e+03
1.093676409958281965e+03
1.092524358837195223e+03
1.091374292558532716e+03
1.090226206267873977e+03
1.089080095364524141e+03
1.087935955079890846e+03
1.086793780808967540e+03
1.085653567789871886e+03
1.084515311577279590e+03
1.083379007524783901e+03
1.082244650969605345e+03
1.081112237295152681e+03
1.079981762015653430e+03
1.078853220460345028e+03
1.077726608026476470e+03
1.076601920432199677e+03
1.075479152956388816e+03
1.074358301200029246e+03
1.073239360558059161e+03
1.072122326620679132e+03
1.071007194908612973e+03
1.069893960900362345e+03
1.068782620263712715e+03
1.067673168451369747e+03
1.066565601140245235e+03
1.065459913747764631e+03
1.064356102125478174e+03
1.063254161843831298e+03
1.062154088420703829e+03
1.061055877626690062e+03
1.059959525018616660e+03
1.058865026330788396e+03
1.057772377239803518e+03
1.056681573390878384e+03
1.055592610590563481e+03
1.054505484440954888e+03
1.053420190805878065e+03
1.052336725313145280e+03
1.051255083819807169e+03
1.050175262036515960e+03
1.049097255762635768e+03
1.048021060824086135e+03
1.046946672959737043e+03
1.045874088090678697e+03
1.044803301930521684e+03
1.043734310454913839e+03
1.042667109525005117e+03
1.041601694865451009e+03
1.040538062374100036e+03
1.039476208050911737e+03
1.038416127711563831e+03
1.037357817342076714e+03
1.036301272824184025e+03
1.035246490121895249e+03
1.034193465186672483e+03
1.033142193961487919e+03
1.032092672461242273e+03
1.031044896756316575e+03
1.029998862637267621e+03
1.028954566175683340e+03
1.027912003477023063e+03
1.026871170485253515e+03
1.025832063338506032e+03
1.024794677996776727e+03
1.023759010762314574e+03
1.022725057341620186e+03
1.021692814058209024e+03
1.020662276919624219e+03
1.019633442127825219e+03
1.018606305722393358e+03
1.017580864051807907e+03
1.016557112920162126e+03
1.015535048675967232e+03
1.014514667447565898e+03
1.013495965434493087e+03
1.012478938964992949e+03
1.011463583940450121e+03
1.010449896757463193e+03
1.009437873567762040e+03
1.008427510832910230e+03
1.007418804412325585e+03
1.006411750821439796e+03
1.005406346191207717e+03
1.004402587073384097e+03
1.003400469341849544e+03
1.002399989558567540e+03
1.001401143920121626e+03
1.000403928964508509e+03
9.994083406997766588e+02
9.984143756021643412e+02
9.974220302076531652e+02
9.964313005103047090e+02
9.954421831356936536e+02
9.944546743285383172e+02
9.934687707515986403e+02
9.924844684093085334e+02
9.915017639348590137e+02
9.905206538534187075e+02
9.895411342959357626e+02
9.885632019220170150e+02
9.875868531997097080e+02
9.866120844479514744e+02
9.856388921488950245e+02
9.846672730083724900e+02
9.836972232160925387e+02
9.827287395076177745e+02
9.817618182161626237e+02
9.807964558681723020e+02
9.798326492558285281e+02
9.788703945531856334e+02
9.779096884716408340e+02
9.769505277649967638e+02
9.759929086122920125e+02
9.750368279943713787e+02
9.740822821164076686e+02
9.731292677559704316e+02
9.721777817035297176e+02
9.712278201900811609e+02
9.702793802405499264e+02
9.693324581160171647e+02
9.683870507629970916e+02
9.674431546248391669e+02
9.665007665182056371e+02
9.655598829515589614e+02
9.646205006887388436e+02
9.636826165317652340e+02
9.627462270047104766e+02
9.618113289686701819e+02
9.608779189340627909e+02
9.599459939346172632e+02
9.590155503264907111e+02
9.580865852407605416e+02
9.571590950980137222e+02
9.562330769098102792e+02
9.553085272728217205e+02
9.543854431326593613e+02
9.534638210430057370e+02
9.525436581442320403e+02
9.516249508482661668e+02
9.507076963236492020e+02
9.497918911463435734e+02
9.488775323229341438e+02
9.479646166510565308e+02
9.470531408341056476e+02
9.461431019315253934e+02
9.452344966337975620e+02
9.443273220541809678e+02
9.434215747531214902e+02
9.425172519956354336e+02
9.416143503523896925e+02
9.407128669774862146e+02
9.398127987433663293e+02
9.389141423804553597e+02
9.380168950715351457e+02
9.371210535730831452e+02
9.362266150619180962e+02
9.353335763240156666e+02
9.344419342752109969e+02
9.335516861370987272e+02
9.326628285629594757e+02
9.317753589030297690e+02
9.308892740183100614e+02
9.300045707002668678e+02
9.291212463162499944e+02
9.282392977828708354e+02
9.273587218974120105e+02
9.264795160359822148e+02
9.256016771661292069e+02
9.247252021100895263e+02
9.238500882378682491e+02
9.229763325544528243e+02
9.221039319432328512e+02
9.212328837450013452e+02
9.203631849863487560e+02
9.194948326438999402e+02
9.186278240207894896e+02
9.177621561560279133e+02
9.168978260941080407e+02
9.160348311617599393e+02
9.151731683749651438e+02
9.143128348077218561e+02
9.134538278903223727e+02
9.125961445777940071e+02
9.117397820983045449e+02
9.108847375474840646e+02
9.100310083158535690e+02
9.091785914603765377e+02
9.083274841018466077e+02
9.074776837498351370e+02
9.066291874004524516e+02
9.057819923162693385e+02
9.049360956443372288e+02
9.040914948872197101e+02
9.032481870940737281e+02
9.024061695679885133e+02
9.015654396198902987e+02
9.007259943380503273e+02
8.998878312440406262e+02
8.990509475309136178e+02
8.982153405342387487e+02
8.973810073595484482e+02
8.965479455718660802e+02
8.957161523899619624e+02
8.948856251753230708e+02
8.940563612022016287e+02
8.932283576496581645e+02
8.924016121759875659e+02
8.915761220314719822e+02
8.907518845342874556e+02
8.899288970144947370e+02
8.891071568799483202e+02
8.882866614065126214e+02
8.874674082454984045e+02
8.866493945923542697e+02
8.858326178771961850e+02
8.850170755389724491e+02
8.842027650090956286e+02
8.833896836394739012e+02
8.825778287301944829e+02
8.817671980210141101e+02
8.809577888438650461e+02
8.801495986153005333e+02
8.793426247518543732e+02
8.785368647424818391e+02
8.777323160819554460e+02
8.769289762635140733e+02
8.761268425701113074e+02
8.753259127662896617e+02
8.745261842336711879e+02
8.737276544975037496e+02
8.729303210704928233e+02
8.721341814075980210e+02
8.713392330428314381e+02
8.705454735259753534e+02
8.697529004124893390e+02
8.689615112433103832e+02
8.681713035100664229e+02
8.673822747795751411e+02
8.665944224937653644e+02
8.658077445137331551e+02
8.650222382812974047e+02
8.642379013216237809e+02
8.634547312257786871e+02
8.626727256032296509e+02
8.618918820690239500e+02
8.611121982429903028e+02
8.603336716968698283e+02
8.595563000303750414e+02
8.587800808823949410e+02
8.580050118973507551e+02
8.572310907251888921e+02
8.564583150093525319e+02
8.556866823504427657e+02
8.549161904079181795e+02
8.541468368552858692e+02
8.533786193715287709e+02
8.526115356410990671e+02
8.518455833366248271e+02
8.510807601010010330e+02
8.503170636327632792e+02
8.495544916396372628e+02
8.487930418347659725e+02
8.480327119367043451e+02
8.472734996606195637e+02
8.465154026861317789e+02
8.457584187413659720e+02
8.450025455678555772e+02
8.442477809124943633e+02
8.434941225275269971e+02
8.427415681705406314e+02
8.419901157135514040e+02
8.412397626192637290e+02
8.404905068003201905e+02
8.397423460369469694e+02
8.389952781146638472e+02
8.382493008242665837e+02
8.375044119618097511e+02
8.367606093012651627e+02
8.360178906250497448e+02
8.352762537462882619e+02
8.345356964833349593e+02
8.337962166597638998e+02
8.330578122420489535e+02
8.323204807888639607e+02
8.315842202701866199e+02
8.308490284968670494e+02
8.301149033149729348e+02
8.293818425804148546e+02
8.286498441542511273e+02
8.279189059026812174e+02
8.271890256970322071e+02
8.264602015514338973e+02
8.257324310685801265e+02
8.250057122445033428e+02
8.242800429658384473e+02
8.235554211305378658e+02
8.228318446416220695e+02
8.221093114071649097e+02
8.213878194779462092e+02
8.206673664969088122e+02
8.199479505248007172e+02
8.192295694860866888e+02
8.185122212909170685e+02
8.177959038744011195e+02
8.170806153183804099e+02
8.163663532968951131e+02
8.156531159016082029e+02
8.149409010916170928e+02
8.142297068309595716e+02
8.135195312261637355e+02
8.128103719761303410e+02
8.121022271949675542e+02
8.113950948486857442e+02
8.106889729226634245e+02
8.099838595488182591e+02
8.092797524514483030e+02
8.085766497720593406e+02
8.078745495195877311e+02
8.071734497078053892e+02
8.064733484928727876e+02
8.057742436232067575e+02
8.050761332644433423e+02
8.043790154495872002e+02
8.036828883498943696e+02
8.029877497212490880e+02
8.022935977482808312e+02
8.016004304838791086e+02
8.009082461231457728e+02
8.002170424537038116e+02
7.995268176799625053e+02
7.988375698737515904e+02
7.981492972490669899e+02
7.974619976124035929e+02
7.967756691869757333e+02
7.960903100633897793e+02
7.954059184744079403e+02
7.947224922451642897e+02
7.940400296174873347e+02
7.933585288319559368e+02
7.926779877243304782e+02
7.919984045508373356e+02
7.913197774351156113e+02
7.906421046428480395e+02
7.899653840321067264e+02
7.892896138775174677e+02
7.886147924583772237e+02
7.879409176465758264e+02
7.872679877302826981e+02
7.865960010023314908e+02
7.859249553482951569e+02
7.852548490698105752e+02
7.845856804731686225e+02
7.839174474574944043e+02
7.832501483378105149e+02
7.825837814337901364e+02
7.819183446579726251e+02
7.812538363386896663e+02
7.805902548089155744e+02
7.799275979944685560e+02
7.792658642364110619e+02
7.786050518786585144e+02
7.779451588601785943e+02
7.772861835359949509e+02
7.766281242657398707e+02
7.759709790016901252e+02
7.753147461118957153e+02
7.746594239690060704e+02
7.740050105381410503e+02
7.733515043374699189e+02
7.726989033410496859e+02
7.720472059382316274e+02
7.713964105229484858e+02
7.707465150818700295e+02
7.700975181542419250e+02
7.694494177355173861e+02
7.688022122361123820e+02
7.681559000710099099e+02
7.675104792480423157e+02
7.668659483273448814e+02
7.662223053253779881e+02
7.655795486733862845e+02
7.649376768071635979e+02
7.642966877553132008e+02
7.636565800986726344e+02
7.630173518743164323e+02
7.623790015340746322e+02
7.617415275343123540e+02
7.611049279240080523e+02
7.604692013045086014e+02
7.598343457331075115e+02
7.592003598190245839e+02
7.585672416278039236e+02
7.579349897765083597e+02
7.573036023388683589e+02
7.566730778028760369e+02
7.560434146610258495e+02
7.554146109985192652e+02
7.547866654525723789e+02
7.541595761164138594e+02
7.535333416349878917e+02
7.529079601094855434e+02
7.522834301925462341e+02
7.516597499932598794e+02
7.510369181719275957e+02
7.504149328454727765e+02
7.497937926818257210e+02
7.491734958056800906e+02
7.485540408925630800e+02
7.479354260748734760e+02
7.473176500356915994e+02
7.467007109150615634e+02
7.460846074035843003e+02
7.454693376488843342e+02
7.448549003490481937e+02
7.442412936592179449e+02
7.436285162849291055e+02
7.430165663887746632e+02
7.424054426840509677e+02
7.417951433433181592e+02
7.411856670877259603e+02
7.405770120949209741e+02
7.399691770929492804e+02
7.393621602667316210e+02
7.387559603516498328e+02
7.381505755398304700e+02
7.375460045739550878e+02
7.369422457899103165e+02
7.363392975277861296e+02
7.357371585404465577e+02
7.351358270384472462e+02
7.345353017818616763e+02
7.339355809882207495e+02
7.333366634247736329e+02
7.327385473159588400e+02
7.321412314361641620e+02
7.315447141532170008e+02
7.309489938389683630e+02
7.303540692777432923e+02
7.297599387116644039e+02
7.291666009321050979e+02
7.285740541919924453e+02
7.279822972960382685e+02
7.273913286368019726e+02
7.268011466106960370e+02
7.262117500264787395e+02
7.256231371506952428e+02
7.250353067990650970e+02
7.244482573810715849e+02
7.238619873099951292e+02
7.232764954112270743e+02
7.226917799680983308e+02
7.221078398128692015e+02
7.215246733716247718e+02
7.209422790741481322e+02
7.203606557622326818e+02
7.197798017364680163e+02
7.191997158576965603e+02
7.186203965727255536e+02
7.180418423282152389e+02
7.174640519828653851e+02
7.168870239894575889e+02
7.163107568043287756e+02
7.157352492955023990e+02
7.151604999253647748e+02
7.145865071597933138e+02
7.140132698760543235e+02
7.134407864098154732e+02
7.128690556449297446e+02
7.122980760633832915e+02
7.117278461642104048e+02
7.111583648431407028e+02
7.105896305881345825e+02
7.100216418904954025e+02
7.094543976530661666e+02
7.088878963729475799e+02
7.083221365505211224e+02
7.077571170975875248e+02
7.071928365202541045e+02
7.066292933278472219e+02
7.060664864451700851e+02
7.055044144101478878e+02
7.049430758813090279e+02
7.043824693808882103e+02
7.038225938417401721e+02
7.032634477916716378e+02
7.027050297615758154e+02
7.021473386930052811e+02
7.015903731223515933e+02
7.010341315890358374e+02
7.004786130494109102e+02
6.999238160760894516e+02
6.993697393570765826e+02
6.988163814442226567e+02
6.982637412996048170e+02
6.977118174804147657e+02
