8.461955787313283508e+03
3.092063862982872524e+05
5.200603996989594889e+05
7.015795865031630965e+05
8.747129225868416252e+05
1.042982452084193821e+06
1.203876840773296542e+06
1.363193310243634973e+06
1.521915924559928011e+06
1.680000780558056431e+06
1.836942010544962948e+06
1.991977127863804810e+06
2.144214238862201106e+06
2.292713134007527027e+06
2.436538263201826718e+06
2.574794114841160830e+06
2.706649188415466342e+06
2.831352209136109333e+06
2.948242787013543770e+06
3.056757926281979308e+06
3.156435265479061287e+06
3.246913622080745641e+06
3.327931263032902032e+06
3.399322265687729232e+06
3.461011303687506355e+06
3.513007201257180888e+06
3.555395615372553468e+06
3.588331221985328011e+06
3.612029781368723605e+06
3.626760421167442575e+06
3.632838427715350408e+06
3.630618757862664293e+06
3.620490404069614597e+06
3.602871644552031532e+06
3.578206117815063335e+06
3.546959577439657412e+06
3.509617121547175106e+06
3.466680653418512084e+06
3.418666327843475156e+06
3.366101751460373867e+06
3.309522755125932395e+06
3.249469625214959029e+06
3.186482760245656595e+06
3.121097806036465336e+06
3.053840402153685689e+06
2.985220734346486628e+06
2.915728127571265213e+06
2.845825928750150371e+06
2.775946913519581780e+06
2.706489416958224960e+06
2.637814336453318596e+06
2.570243093981108163e+06
2.504056583052189555e+06
2.439495068890859373e+06
2.376758962914609816e+06
2.316010357355704531e+06
2.257375183982429095e+06
2.200945851100288332e+06
2.146784213875194080e+06
2.094924742473664461e+06
2.045377767538103042e+06
1.998132700827145483e+06
1.953161148785874015e+06
1.910419856526062125e+06
1.869853437943910016e+06
1.831396863812509924e+06
1.794977693525849609e+06
1.760518047197013162e+06
1.727936323452996556e+06
1.697148674753651721e+06
1.668070256301823771e+06
1.640616267494539730e+06
1.614702806230385788e+06
1.590247556810356211e+06
1.567170331766467774e+06
1.545393486966398545e+06
1.524842228155886754e+06
1.505444825394229731e+06
1.487132750439645490e+06
1.469840750235982006e+06
1.453506868337830296e+06
1.438072424313284690e+06
1.423481959925524890e+06
1.409683159577209502e+06
1.396626751252623508e+06
1.384266393311348744e+06
1.372558551445687423e+06
1.361462369486623909e+06
1.350939536872135242e+06
1.340954155177853070e+06
1.331472605556178140e+06
1.322463418541003251e+06
1.313897147260077531e+06
1.305746244927848689e+06
1.297984947178933769e+06
1.290589159576385515e+06
1.283536350639337441e+06
1.276805450375773478e+06
1.270376754452521214e+06
1.264231833818548359e+06
1.258353449733663816e+06
1.252725474094925215e+06
1.247332814679350005e+06
1.242161345313395839e+06
1.237197840534540592e+06
1.232429914722679416e+06
1.227845965191575000e+06
1.223435119299914222e+06
1.219187185125668067e+06
1.215092605540017365e+06
1.211142415537300287e+06
1.207328202507385053e+06
1.203642069272605702e+06
1.200076599787104176e+06
1.196624827177176252e+06
1.193280204075469868e+06
1.190036575043175137e+06
1.186888150898844702e+06
1.183829484862338984e+06
1.180855450408483855e+06
1.177961220612952020e+06
1.175142248962917598e+06
1.172394251513340976e+06
1.169713190255281283e+06
1.167095257667528698e+06
1.164536862259855960e+06
1.162034615210549440e+06
1.159585317811532877e+06
1.157185949832389830e+06
1.154833658636770444e+06
1.152525749056186061e+06
1.150259673902592622e+06
1.148033025148546556e+06
1.145843525668372167e+06
1.143689021527845878e+06
1.141567474776772084e+06
1.139476956704902695e+06
1.137415641552461544e+06
1.135381800585418241e+06
1.133373796605724376e+06
1.131390078743804013e+06
1.129429177625800483e+06
1.127489700843282044e+06
1.125570328659341903e+06
1.123669810037554707e+06
1.121786958883790532e+06
1.119920650508324616e+06
1.118069818328473251e+06
1.116233450752183329e+06
1.114410588253079215e+06
1.112600320618324447e+06
1.110801784359426470e+06
1.109014160270740045e+06
1.107236671145353466e+06
1.105468579596652649e+06
1.103709186035118997e+06
1.101957826730736764e+06
1.100213872011148604e+06
1.098476724546531914e+06
1.096745817737733945e+06
1.095020614176266827e+06
1.093300604226929834e+06
1.091585304637151305e+06
1.089874257272166666e+06
1.088167027879132191e+06
1.086463204950091429e+06
1.084762398603960872e+06
1.083064239588609198e+06
1.081368378262095386e+06
1.079674483703630278e+06
1.077982242794766091e+06
1.076291359419715358e+06
1.074601553648526315e+06
1.072912560997521272e+06
1.071224131712865783e+06
1.069536030092699453e+06
1.067848033843085170e+06
1.066159933466616319e+06
1.064471531680317130e+06
1.062782642862535082e+06
1.061093092526730150e+06
1.059402716817770619e+06
1.057711362043557689e+06
1.056018884212065488e+06
1.054325148598773638e+06
1.052630029343034606e+06
1.050933409044144442e+06
1.049235178397257347e+06
1.047535235827768571e+06
1.045833487148121232e+06
1.044129845251826569e+06
1.042424229772659135e+06
1.040716566817619721e+06
1.039006788662933628e+06
1.037294833494339488e+06
1.035580645144755021e+06
1.033864172850216506e+06
1.032145371006487170e+06
1.030424198949422804e+06
1.028700620733865420e+06
1.026974604938147007e+06
1.025246124448709306e+06
1.023515156281270669e+06
1.021781681397896260e+06
1.020045684530472732e+06
1.018307154013596708e+06
1.016566081634508097e+06
1.014822462460365146e+06
1.013076294712858624e+06
1.011327579613322392e+06
1.009576321252758848e+06
1.007822526460083085e+06
1.006066204682547715e+06
1.004307367863134481e+06
1.002546030321489088e+06
1.000782208657476469e+06
9.990159216239402303e+05
9.972471900497621391e+05
9.954760367273990996e+05
9.937024863196286606e+05
9.919265652734450996e+05
9.901483017307736445e+05
9.883677254537212430e+05
9.865848677285367157e+05
9.847997613067092607e+05
9.830124403140982613e+05
9.812229401958098169e+05
9.794312976316657150e+05
9.776375504843557719e+05
9.758417377295988845e+05
9.740438993938175263e+05
9.722440764971356839e+05
9.704423110026394716e+05
9.686386457484281855e+05
9.668331244096523151e+05
9.650257914376108674e+05
9.632166920228560921e+05
9.614058720307351323e+05
9.595933779750722460e+05
9.577792569602447329e+05
9.559635566543990280e+05
9.541463252294638660e+05
9.523276113379598828e+05
9.505074640765675576e+05
9.486859329367791070e+05
9.468630677835899405e+05
9.450389188143586507e+05
9.432135365285928128e+05
9.413869716973872855e+05
9.395592753408331191e+05
9.377304986802128842e+05
9.359006931308251806e+05
9.340699102700697258e+05
9.322382017945249099e+05
9.304056195278541418e+05
9.285722153608493973e+05
9.267380412605825113e+05
9.249031492254349869e+05
9.230675912738594925e+05
9.212314194313025801e+05
9.193946856879218249e+05
9.175574420026418520e+05
9.157197402784684673e+05
9.138816323342517717e+05
9.120431699013520265e+05
9.102044046073751524e+05
9.083653879417233402e+05
9.065261712731604930e+05
9.046868057985578198e+05
9.028473425579213072e+05
9.010078324132787529e+05
8.991683260211561574e+05
8.973288738478081068e+05
8.954895261330205249e+05
8.936503328872473212e+05
8.918113438891067635e+05
8.899726086628775811e+05
8.881341764747645939e+05
8.862960963208336616e+05
8.844584169231267879e+05
8.826211867144092685e+05
8.807844538328378694e+05
8.789482661198454443e+05
8.771126710955031449e+05
8.752777159710498527e+05
8.734434476367405150e+05
8.716099126419401728e+05
8.697771572077369783e+05
8.679452272107688477e+05
8.661141681756592588e+05
8.642840252747837221e+05
8.624548433324100915e+05
8.606266667960210470e+05
8.587995397489636671e+05
8.569735059082112275e+05
8.551486086084945127e+05
8.533248908086207230e+05
8.515023950834005373e+05
8.496811636230193544e+05
8.478612382258770522e+05
8.460426602922035381e+05
8.442254708483468276e+05
8.424097104979645228e+05
8.405954194533859845e+05
8.387826375368343433e+05
8.369714041596772149e+05
8.351617583161201328e+05
8.333537386099461000e+05
8.315473832334692124e+05
8.297427299670038046e+05
8.279398161765519762e+05
8.261386788225988857e+05
8.243393544570495142e+05
8.225418792109588394e+05
8.207462888040592661e+05
8.189526185480118729e+05
8.171609033382773632e+05
8.153711776554557728e+05
8.135834755570401903e+05
8.117978307088220026e+05
8.100142763514481485e+05
8.082328453007425414e+05
8.064535699761771830e+05
8.046764823828941444e+05
8.029016141118663363e+05
8.011289963399802800e+05
7.993586598384840181e+05
7.975906349699478596e+05
7.958249516981582856e+05
7.940616395573519403e+05
7.923007276894532843e+05
7.905422448417397682e+05
7.887862193481560098e+05
7.870326791350030107e+05
7.852816517400402809e+05
7.835331642937464640e+05
7.817872435444050934e+05
7.800439158265866572e+05
7.783032070878618397e+05
7.765651428858322324e+05
7.748297483964679996e+05
7.730970483947709436e+05
7.713670672665226739e+05
7.696398290244366508e+05
7.679153572983320337e+05
7.661936753368920181e+05
7.644748060071552172e+05
7.627587717976421118e+05
7.610455948241557926e+05
7.593352968504851451e+05
7.576278992440445581e+05
7.559234230178535217e+05
7.542218888128520921e+05
7.525233169232524233e+05
7.508277272756289458e+05
7.491351394358623074e+05
7.474455726137878373e+05
7.457590456663348014e+05
7.440755771110024070e+05
7.423951851177560166e+05
7.407178874991436023e+05
7.390437017252534861e+05
7.373726449373351643e+05
7.357047339366212254e+05
7.340399851954471087e+05
7.323784148374093929e+05
7.307200386670558946e+05
7.290648721630231012e+05
7.274129304792337352e+05
7.257642284527836600e+05
7.241187805961092236e+05
7.224766011040719459e+05
7.208377038573955651e+05
7.192021024340458680e+05
7.175698101101400098e+05
7.159408398439793382e+05
7.143152042898423970e+05
7.126929158039112808e+05
7.110739864560515853e+05
7.094584280169119593e+05
7.078462519716699608e+05
7.062374694978968473e+05
7.046320915025223512e+05
7.030301286039365223e+05
7.014315911392174894e+05
6.998364891836158931e+05
6.982448325213819044e+05
6.966566306666024029e+05
6.950718928523019422e+05
6.934906280672224239e+05
6.919128450299036922e+05
6.903385521905589849e+05
6.887677577515577432e+05
6.872004696428645402e+05
6.856366955452439142e+05
6.840764429000102682e+05
6.825197188946198439e+05
6.809665304746121401e+05
6.794168843385522487e+05
6.778707869450347498e+05
6.763282445076841395e+05
6.747892630140852416e+05
6.732538482247636421e+05
6.717220056730755605e+05
6.701937406489043497e+05
6.686690582353154896e+05
6.671479632667897968e+05
6.656304603814162547e+05
6.641165540037758183e+05
6.626062483353740536e+05
6.610995473742866889e+05
6.595964548901936505e+05
6.580969744602794526e+05
6.566011094500529580e+05
6.551088630313046742e+05
6.536202381768713240e+05
6.521352376682299655e+05
6.506538640795935644e+05
6.491761197927482426e+05
6.477020070001125569e+05
6.462315277158085955e+05
6.447646837593303062e+05
6.433014767865856411e+05
6.418419082610640908e+05
6.403859794585322961e+05
6.389336914905506419e+05
6.374850452797393082e+05
6.360400416013495997e+05
6.345986810541105224e+05
6.331609640609571943e+05
6.317268908988361945e+05
6.302964616599050350e+05
6.288696762919181492e+05
6.274465345759587362e+05
6.260270361308876891e+05
6.246111804473352386e+05
6.231989668414017651e+05
6.217903945032047341e+05
6.203854624588759616e+05
6.189841695783080067e+05
6.175865146074198419e+05
6.161924961339164292e+05
6.148021126296769362e+05
6.134153624159386382e+05
6.120322436890050303e+05
6.106527544952300377e+05
6.092768927669191035e+05
6.079046562878836412e+05
6.065360427223775769e+05
6.051710496146223741e+05
6.038096743834692752e+05
6.024519143365889322e+05
6.010977666471038247e+05
5.997472283747900510e+05
5.984002964606386377e+05
5.970569677286817459e+05
5.957172388929064618e+05
5.943811065649032826e+05
5.930485672383590136e+05
5.917196173057977576e+05
5.903942530534826219e+05
5.890724706614911556e+05
5.877542662037265254e+05
5.864396356596861733e+05
5.851285748992539011e+05
5.838210797030642862e+05
5.825171457593200030e+05
5.812167686622831970e+05
5.799199439118242590e+05
5.786266669236745220e+05
5.773369330036656465e+05
5.760507373890187591e+05
5.747680752149590990e+05
5.734889415406443877e+05
5.722133313494644826e+05
5.709412395265831146e+05
5.696726609007137595e+05
5.684075902032937156e+05
5.671460220856691012e+05
5.658879511372855632e+05
5.646333718629233772e+05
5.633822786799757741e+05
5.621346659570409684e+05
5.608905279911729740e+05
5.596498590023056604e+05
5.584126531440621475e+05
5.571789045060196659e+05
5.559486071101134876e+05
5.547217549108390231e+05
5.534983418042316334e+05
5.522783616090939613e+05
5.510618081102059223e+05
5.498486750162682729e+05
5.486389559847725322e+05
5.474326446170194540e+05
5.462297344585361425e+05
5.450302190044869203e+05
5.438340916750829201e+05
5.426413458636334399e+05
5.414519748938955599e+05
5.402659720455727074e+05
5.390833305558627471e+05
5.379040436099064536e+05
5.367281043509228621e+05
5.355555058812558418e+05
5.343862412368184887e+05
5.332203034370080568e+05
5.320576854366307380e+05
5.308983801535665989e+05
5.297423804662957555e+05
5.285896792162343627e+05
5.274402692075032974e+05
5.262941432072985917e+05
5.251512939529175637e+05
5.240117141330740997e+05
5.228753964008710464e+05
5.217423333935591509e+05
5.206125176929440931e+05
5.194859418547485257e+05
5.183625984134749742e+05
5.172424798501224141e+05
5.161255786423348472e+05
5.150118872361469548e+05
5.139013980397421401e+05
5.127941034305451903e+05
5.116899957843944430e+05
5.105890674250530428e+05
5.094913106670785928e+05
5.083967177789967973e+05
5.073052810257953242e+05
5.062169926508303615e+05
5.051318448576296796e+05
5.040498298575441586e+05
5.029709398213148816e+05
5.018951669003152638e+05
5.008225032481137896e+05
4.997529409855881822e+05
4.986864722008983372e+05
4.976230889855745481e+05
4.965627834077582811e+05
4.955055475262575201e+05
4.944513733640948194e+05
4.934002529613774968e+05
4.923521783259490621e+05
4.913071414556368254e+05
4.902651343420443009e+05
4.892261489599914639e+05
4.881901772771961405e+05
4.871572112531287130e+05
4.861272428196092951e+05
4.851002639136809157e+05
4.840762664678231813e+05
4.830552423921650043e+05
4.820371835871857475e+05
4.810220819718425628e+05
4.800099294370561838e+05
4.790007178751198808e+05
4.779944391802368918e+05
4.769910852186861448e+05
4.759906478744056076e+05
4.749931190267148195e+05
4.739984905275824713e+05
4.730067542551827501e+05
4.720179020541905193e+05
4.710319257987129968e+05
4.700488173388806172e+05
4.690685685315902228e+05
4.680911712344545522e+05
4.671166173064256436e+05
4.661448986035004491e+05
4.651760069902679534e+05
4.642099343124774168e+05
4.632466724415794597e+05
4.622862132243460510e+05
4.613285485354496632e+05
4.603736702312411508e+05
4.594215701755605405e+05
4.584722402334861108e+05
4.575256722919775639e+05
4.565818582326059113e+05
4.556407899232307682e+05
4.547024592583013582e+05
4.537668581328151049e+05
4.528339784544609138e+05
4.519038121109077474e+05
4.509763510269233375e+05
4.500515871016354067e+05
4.491295122724075918e+05
4.482101184581725975e+05
4.472933975937755313e+05
4.463793416224145913e+05
4.454679424958148156e+05
4.445591921743518906e+05
4.436530826271456899e+05
4.427496058321156888e+05
4.418487537844127510e+05
4.409505184643306420e+05
4.400548918948156061e+05
4.391618660733217257e+05
4.382714330397981685e+05
4.373835848201640765e+05
4.364983134510798263e+05
4.356156110009871772e+05
4.347354695280690794e+05
4.338578811112513067e+05
4.329828378369380371e+05
4.321103318195739412e+05
4.312403551514541614e+05
4.303728999717111583e+05
4.295079584233043133e+05
4.286455226434142096e+05
4.277855848106445046e+05
4.269281370834052796e+05
4.260731716703019338e+05
4.252206807608138188e+05
4.243706565606032382e+05
4.235230913159646443e+05
4.226779772597447154e+05
4.218353066464784788e+05
4.209950717477281578e+05
4.201572648496920010e+05
4.193218782621141872e+05
4.184889042825822253e+05
4.176583352504012291e+05
4.168301635199316661e+05
4.160043814335029456e+05
4.151809813846788602e+05
4.143599557459455100e+05
4.135412969412420643e+05
4.127249973823796608e+05
4.119110494962218800e+05
4.110994457528106286e+05
4.102901786111666006e+05
4.094832405559311737e+05
4.086786240888824686e+05
4.078763217306744773e+05
4.070763260257162619e+05
4.062786295064939768e+05
4.054832247518557706e+05
4.046901043601381825e+05
4.038992609132450307e+05
4.031106870411263080e+05
4.023243753928306396e+05
4.015403186091496027e+05
4.007585093563565752e+05
3.999789403371508815e+05
3.992016042512593558e+05
3.984264938177989679e+05
3.976536017821857240e+05
3.968829208994786604e+05
3.961144439520929009e+05
3.953481637323580799e+05
3.945840730562785175e+05
3.938221647585516912e+05
3.930624316866178415e+05
3.923048667214870802e+05
3.915494627331031370e+05
3.907962126347632147e+05
3.900451093604562338e+05
3.892961458342209808e+05
3.885493150369470823e+05
3.878046099377999781e+05
3.870620235228934325e+05
3.863215488279013662e+05
3.855831788782403455e+05
3.848469067282949691e+05
3.841127254516173853e+05
3.833806281409613439e+05
3.826506079083001241e+05
3.819226578848243225e+05
3.811967712209303863e+05
3.804729410861943616e+05
3.797511606693308568e+05
3.790314231882257736e+05
3.783137218495208654e+05
3.775980499090150115e+05
3.768844006417342462e+05
3.761727673126399168e+05
3.754631432451031287e+05
3.747555217503569438e+05
3.740498961582180928e+05
3.733462598494124832e+05
3.726446061967907008e+05
3.719449285993347294e+05
3.712472204643235309e+05
3.705514752546235104e+05
3.698576864194429945e+05
3.691658474341846304e+05
3.684759518013459165e+05
3.677879930474631255e+05
3.671019646878693602e+05
3.664178602936039679e+05
3.657356734362964635e+05
3.650553977170935832e+05
3.643770267562020454e+05
3.637005541725279181e+05
3.630259736353958724e+05
3.623532788016546401e+05
3.616824633803298930e+05
3.610135210642636521e+05
3.603464456072272151e+05
3.596812307466083439e+05
3.590178702471075230e+05
3.583563579186544521e+05
3.576966875603583758e+05
3.570388530052668066e+05
3.563828481027059606e+05
3.557286667197876377e+05
3.550763027471817913e+05
3.544257500945141073e+05
3.537770026892221067e+05
3.531300544767589308e+05
3.524848994243994239e+05
3.518415315184601932e+05
3.511999447751498665e+05
3.505601331968194572e+05
3.499220908375253784e+05
3.492858117699709837e+05
3.486512900536860107e+05
3.480185198120151181e+05
3.473874951436927659e+05
3.467582102110655978e+05
3.461306591627446469e+05
3.455048361666411511e+05
3.448807354433031869e+05
3.442583511992197018e+05
3.436376776599903824e+05
3.430187091038456419e+05
3.424014397948788828e+05
3.417858640278471867e+05
3.411719761160184862e+05
3.405597703914667945e+05
3.399492412049719132e+05
3.393403829259054037e+05
3.387331899421164999e+05
3.381276566622390528e+05
3.375237775245923549e+05
3.369215469499535975e+05
3.363209594114043866e+05
3.357220094029962784e+05
3.351246914057428367e+05
3.345289999489671900e+05
3.339349295809637406e+05
3.333424748407221632e+05
3.327516303257842083e+05
3.321623906054382096e+05
3.315747503215327160e+05
3.309887040909682401e+05
3.304042465532874339e+05
3.298213724035229534e+05
3.292400763126985985e+05
3.286603529809404863e+05
3.280821971495475154e+05
3.275056035549511435e+05
3.269305669519365183e+05
3.263570821243665996e+05
3.257851438630708726e+05
3.252147469882286387e+05
3.246458863258493948e+05
3.240785567320271512e+05
3.235127530694685411e+05
3.229484702275270247e+05
3.223857031227746629e+05
3.218244466501960414e+05
3.212646957668422256e+05
3.207064454270401620e+05
3.201496906188432476e+05
3.195944263156217639e+05
3.190406475493886392e+05
3.184883493249650928e+05
3.179375267035397119e+05
3.173881747616038192e+05
3.168402885655917926e+05
3.162938632039873628e+05
3.157488938186821179e+05
3.152053755197267164e+05
3.146633034798257286e+05
3.141226728551861015e+05
3.135834788316762424e+05
3.130457165997351403e+05
3.125093814030818176e+05
3.119744684655106976e+05
3.114409730388428434e+05
3.109088903930106317e+05
3.103782158152733464e+05
3.098489446098171175e+05
3.093210720977218007e+05
3.087945936169194174e+05
3.082695045221513137e+05
3.077458001849210705e+05
3.072234759934435715e+05
3.067025273649984738e+05
3.061829496962654521e+05
3.056647384376290720e+05
3.051478890435589710e+05
3.046323969974035863e+05
3.041182577614278998e+05
3.036054668515289086e+05
3.030940197998568183e+05
3.025839121170688304e+05
3.020751393799438374e+05
3.015676971316431300e+05
3.010615809821815928e+05
3.005567865061206976e+05
3.000533093440709054e+05
2.995511451143882587e+05
2.990502894508873578e+05
2.985507380417512613e+05
2.980524865557211451e+05
2.975555306744099362e+05
2.970598661326188012e+05
2.965654886423604912e+05
2.960723939480855479e+05
2.955805778083886835e+05
2.950900359942152863e+05
2.946007642923581298e+05
2.941127585113177774e+05
2.936260144690028392e+05
2.931405279966813396e+05
2.926562949486573925e+05
2.921733111895276234e+05
2.916915725953363581e+05
2.912110750669592526e+05
2.907318145121899433e+05
2.902537868538266630e+05
2.897769880507542985e+05
2.893014140255289385e+05
2.888270607662640978e+05
2.883539242544053704e+05
2.878820005018280935e+05
2.874112854988698964e+05
2.869417752820698661e+05
2.864734659130104701e+05
2.860063534163587028e+05
2.855404338969101664e+05
2.850757034080861486e+05
2.846121580835839268e+05
2.841497940063864226e+05
2.836886073375127744e+05
2.832285942044707481e+05
2.827697507531117299e+05
2.823120731847714633e+05
2.818555576677383506e+05
2.814002003960088477e+05
2.809459976043511415e+05
2.804929455118397018e+05
2.800410403623797465e+05
2.795902784073894145e+05
2.791406559091029339e+05
2.786921691762398696e+05
2.782448144906629459e+05
2.777985881680907914e+05
2.773534865320096142e+05
2.769095059178423253e+05
2.764666426808142569e+05
2.760248931876136921e+05
2.755842538123814738e+05
2.751447209486216889e+05
2.747062910036231624e+05
2.742689603958624648e+05
2.738327255670948653e+05
2.733975829364038073e+05
2.729635289767743088e+05
2.725305601604962139e+05
2.720986729838425526e+05
2.716678639159434824e+05
2.712381294817526359e+05
2.708094662190297968e+05
2.703818706372983870e+05
2.699553392996955081e+05
2.695298687810641131e+05
2.691054556279449025e+05
2.686820964555915562e+05
2.682597878369382815e+05
2.678385264123426750e+05
2.674183087796541513e+05
2.669991316041906248e+05
2.665809915085668326e+05
2.661638851829178166e+05
2.657478092744548339e+05
2.653327604979708558e+05
2.649187355389758013e+05
2.645057311089945724e+05
2.640937439177965862e+05
2.636827707288924139e+05
2.632728082761752885e+05
2.628638533193992916e+05
2.624559026162957307e+05
2.620489529783134640e+05
2.616430011869573209e+05
2.612380440495919320e+05
2.608340783854554174e+05
2.604311010255951551e+05
2.600291088128160918e+05
2.596280986016227689e+05
2.592280672581586405e+05
2.588290116601451882e+05
2.584309286968210072e+05
2.580338152688738774e+05
2.576376682887289207e+05
2.572424846817694197e+05
2.568482613833725918e+05
2.564549953398927464e+05
2.560626835088269436e+05
2.556713228729454277e+05
2.552809103835477435e+05
2.548914430486370402e+05
2.545029178716269962e+05
2.541153318796081003e+05
2.537286820676595671e+05
2.533429654846597114e+05
2.529581791951127234e+05
2.525743202280311089e+05
2.521913856642388855e+05
2.518093725952366949e+05
2.514282780861683132e+05
2.510480992667830142e+05
2.506688332168570487e+05
2.502904770856646064e+05
2.499130279822398443e+05
2.495364830758293974e+05
2.491608394875721424e+05
2.487860944157856866e+05
2.484122450053830107e+05
2.480392884656072129e+05
2.476672219829969981e+05
2.472960427481537627e+05
2.469257480012284068e+05
2.465563349612233578e+05
2.461878008469118504e+05
2.458201429316448630e+05
2.454533584648491233e+05
2.450874447063578700e+05
2.447223989243635442e+05
2.443582184340001841e+05
2.439949005144943658e+05
2.436324424800846900e+05
2.432708416396750545e+05
2.429100953288419696e+05
2.425502008769766544e+05
2.421911556367228914e+05
2.418329569604622957e+05
2.414756022017181094e+05
2.411190887652957463e+05
2.407634140209386824e+05
2.404085753802094550e+05
2.400545702160493529e+05
2.397013959591629100e+05
2.393490500317444676e+05
2.389975298667775933e+05
2.386468329081462871e+05
2.382969566039197962e+05
2.379478984205033921e+05
2.375996558207622729e+05
2.372522263073870563e+05
2.369056073304894962e+05
2.365597964105771389e+05
2.362147910494110256e+05
2.358705887793253933e+05
2.355271870998671511e+05
2.351845835529178439e+05
2.348427757046832121e+05
2.345017610724333208e+05
2.341615372329309175e+05
2.338221017768980237e+05
2.334834522460055305e+05
2.331455862476159818e+05
2.328085013962490193e+05
2.324721952607845597e+05
2.321366654905441392e+05
2.318019096805357258e+05
2.314679254862875969e+05
2.311347105222638056e+05
2.308022624705620692e+05
2.304705789524941356e+05
2.301396576665366883e+05
2.298094962608706846e+05
2.294800924459362577e+05
2.291514438958324608e+05
2.288235482984632836e+05
2.284964033947057615e+05
2.281700068816124985e+05
2.278443564687744365e+05
2.275194499219049176e+05
2.271952849690673465e+05
2.268718593568299257e+05
2.265491708262343018e+05
2.262272171750915295e+05
2.259059961634054780e+05
2.255855055738016672e+05
2.252657431928981969e+05
2.249467068032719835e+05
2.246283942423638946e+05
2.243108033096289437e+05
2.239939318275414116e+05
2.236777776253528136e+05
2.233623385384543799e+05
2.230476124127657386e+05
2.227335971020610014e+05
2.224202904677707993e+05
2.221076903789616772e+05
2.217957947123167396e+05
2.214846013519952539e+05
2.211741081884865998e+05
2.208643131210517604e+05
2.205552140569231706e+05
2.202468089108224958e+05
2.199390956049369997e+05
2.196320720688979200e+05
2.193257362397550605e+05
2.190200860619534797e+05
2.187151195027852955e+05
2.184108344904722762e+05
2.181072290069514420e+05
2.178043010259913863e+05
2.175020485286256880e+05
2.172004695186556783e+05
2.168995619605144602e+05
2.165993238723401446e+05
2.162997532639855635e+05
2.160008481679981924e+05
2.157026065773026494e+05
2.154050265385459352e+05
2.151081061054442544e+05
2.148118432919153129e+05
2.145162361656275170e+05
2.142212828013059916e+05
2.139269812336619652e+05
2.136333295667897619e+05
2.133403258491104352e+05
2.130479681984559866e+05
2.127562546769218752e+05
2.124651834003398835e+05
2.121747524913974048e+05
2.118849600324213388e+05
2.115958041752511635e+05
2.113072830312793085e+05
2.110193947185445286e+05
2.107321374088244920e+05
2.104455092175874161e+05
2.101595083302328421e+05
2.098741328768703970e+05
2.095893810558959376e+05
2.093052510247379541e+05
2.090217409472190775e+05
2.087388490408896760e+05
2.084565734822672675e+05
2.081749124541433412e+05
2.078938641949517478e+05
2.076134269023847301e+05
2.073335987941649219e+05
2.070543780783272523e+05
2.067757630165618029e+05
2.064977518291008018e+05
2.062203427610560029e+05
2.059435340480520972e+05
2.056673239764888713e+05
2.053917107910433260e+05
2.051166927581740019e+05
2.048422681535326410e+05
2.045684352601969731e+05
2.042951923467716260e+05
2.040225377354025550e+05
2.037504697069603717e+05
2.034789865705451521e+05
2.032080866357162013e+05
2.029377682159944379e+05
2.026680296310669801e+05
2.023988692140973581e+05
2.021302852984546334e+05
2.018622762203509628e+05
2.015948403234353755e+05
2.013279759651622735e+05
2.010616815000094648e+05
2.007959552864222787e+05
2.005307956962320022e+05
2.002662011064724065e+05
2.000021698921381321e+05
1.997387004536630120e+05
1.994757911570026190e+05
1.992134404102686385e+05
1.989516466125227162e+05
1.986904081798303814e+05
1.984297235213760578e+05
1.981695910521709593e+05
1.979100092215418117e+05
1.976509764222997183e+05
1.973924911028754432e+05
1.971345517128705105e+05
1.968771567079416709e+05
1.966203045078563446e+05
1.963639935921068536e+05
1.961082224143456260e+05
1.958529894659732236e+05
1.955982931863104168e+05
1.953441320642626961e+05
1.950905046097305894e+05
1.948374092701167101e+05
1.945848445613215445e+05
1.943328089992442401e+05
1.940813010497693031e+05
1.938303192489470239e+05
1.935798621173694264e+05
1.933299281519257056e+05
1.930805159044070460e+05
1.928316238736573141e+05
1.925832506308955781e+05
1.923353946767660091e+05
1.920880545826439047e+05
1.918412289041990589e+05
1.915949161756663816e+05
1.913491149786681344e+05
1.911038238727847929e+05
1.908590414020715980e+05
1.906147661829095450e+05
1.903709967549025023e+05
1.901277317421523330e+05
1.898849696956466942e+05
1.896427092479164712e+05
1.894009489602949470e+05
1.891596874748874106e+05
1.889189233784918615e+05
1.886786552746661764e+05
1.884388818073656003e+05
1.881996015916056640e+05
1.879608132293411181e+05
1.877225153964527999e+05
1.874847067023451091e+05
1.872473857842238212e+05
1.870105513097423245e+05
1.867742019243801769e+05
1.865383362748120853e+05
1.863029530106650491e+05
1.860680508284506213e+05
1.858336283777421631e+05
1.855996843401892111e+05
1.853662173671080964e+05
1.851332261856954719e+05
1.849007094569756591e+05
1.846686658782836748e+05
1.844370941471121623e+05
1.842059929572975670e+05
1.839753610076274781e+05
1.837451970302173286e+05
1.835154997284055571e+05
1.832862678220550006e+05
1.830575000259212975e+05
1.828291950767996605e+05
1.826013516981213179e+05
1.823739686264599732e+05
1.821470446083409188e+05
1.819205783775248274e+05
1.816945686879746791e+05
1.814690142951539310e+05
1.812439139465851185e+05
1.810192664102425624e+05
1.807950704516859842e+05
1.805713248324462620e+05
1.803480283328445803e+05
1.801251797303507628e+05
1.799027777991738985e+05
1.796808213312264415e+05
1.794593091175593145e+05
1.792382399437524145e+05
1.790176126126667659e+05
1.787974259296637028e+05
1.785776786919939914e+05
1.783583697121399164e+05
1.781394978087857889e+05
1.779210618111073563e+05
1.777030605050565500e+05
1.774854927374511026e+05
1.772683573395928252e+05
1.770516531373647449e+05
1.768353789706112293e+05
1.766195337010480580e+05
1.764041161388553737e+05
1.761891251442030480e+05
1.759745595730417699e+05
1.757604182850569778e+05
1.755467001552524162e+05
1.753334040097190591e+05
1.751205287359157228e+05
1.749080732249070716e+05
1.746960363181985449e+05
1.744844169062676665e+05
1.742732138738532667e+05
1.740624261264953821e+05
1.738520525225701567e+05
1.736420919683370739e+05
1.734325433770813688e+05
1.732234056181582273e+05
1.730146776148375939e+05
1.728063582934843726e+05
1.725984465280966542e+05
1.723909412675739732e+05
1.721838413987890235e+05
1.719771458625375526e+05
1.717708536030699033e+05
1.715649635146265791e+05
1.713594745616301370e+05
1.711543856481863477e+05
1.709496957492830988e+05
1.707454037757536571e+05
1.705415087092988251e+05
1.703380094655802241e+05
1.701349050131604308e+05
1.699321943271822529e+05
1.697298763353532413e+05
1.695279500363983971e+05
1.693264143815309217e+05
1.691252683252841234e+05
1.689245108751219232e+05
1.687241409729683073e+05
1.685241576341273903e+05
1.683245598094721790e+05
1.681253465209049755e+05
1.679265167257272697e+05
1.677280694523275888e+05
1.675300036813804763e+05
1.673323183967779623e+05
1.671350126355366665e+05
1.669380853869788407e+05
1.667415356447520608e+05
1.665453624566215731e+05
1.663495648225658806e+05
1.661541417457270436e+05
1.659590922833766672e+05
1.657644154449346534e+05
1.655701102429510793e+05
1.653761757441246882e+05
1.651826109672278690e+05
1.649894149341288139e+05
1.647965867208788113e+05
1.646041253553199640e+05
1.644120298852534033e+05
1.642202993449428468e+05
1.640289328228468075e+05
1.638379293593169423e+05
1.636472880147840478e+05
1.634570078356306476e+05
1.632670879224493983e+05
1.630775273276172520e+05
1.628883251235707721e+05
1.626994803857218067e+05
1.625109921924469527e+05
1.623228596079911513e+05
1.621350817508043547e+05
1.619476576910020958e+05
1.617605865187118470e+05
1.615738673269736173e+05
1.613874992117261281e+05
1.612014812717957539e+05
1.610158126088860736e+05
1.608304923104482878e+05
1.606455195181455638e+05
1.604608933251247799e+05
1.602766128444858768e+05
1.600926771921484906e+05
1.599090854868417664e+05
1.597258368500913784e+05
1.595429304062087904e+05
1.593603652822790318e+05
1.591781406081492314e+05
1.589962555164161022e+05
1.588147091424147948e+05
1.586335006242064410e+05
1.584526291027367697e+05
1.582720937220050546e+05
1.580918936283241783e+05
1.579120279706668807e+05
1.577324959006775462e+05
1.575532965726600378e+05
1.573744291435651539e+05
1.571958927729799470e+05
1.570176866231124441e+05
1.568398098587792774e+05
1.566622616473944800e+05
1.564850411761727009e+05
1.563081475832602009e+05
1.561315800609937869e+05
1.559553377881863562e+05
1.557794199461905519e+05
1.556038257179525972e+05
1.554285542889454518e+05
1.552536048471569666e+05
1.550789766003234254e+05
1.549046687069451436e+05
1.547306803797105676e+05
1.545570108165388810e+05
1.543836592187346250e+05
1.542106248089852161e+05
1.540379067584245640e+05
1.538655042922093708e+05
1.536934166206599621e+05
1.535216429564875725e+05
1.533501825320603093e+05
1.531790345303510840e+05
1.530081981916018995e+05
1.528376727400038217e+05
1.526674574176308524e+05
1.524975514170209644e+05
1.523279539848492423e+05
1.521586643528100685e+05
1.519896817732916679e+05
1.518210054528334877e+05
1.516526346480920911e+05
1.514845686174562143e+05
1.513168065696262347e+05
1.511493477674117312e+05
1.509821914777847996e+05
1.508153369217834552e+05
1.506487833695099980e+05
1.504825300929254445e+05
1.503165763141735224e+05
1.501509213099328626e+05
1.499855643652986910e+05
1.498205047113037726e+05
1.496557416309338296e+05
1.494912744093106012e+05
1.493271022820692451e+05
1.491632245635044528e+05
1.489996404957841150e+05
1.488363493900048488e+05
1.486733504899182008e+05
1.485106430955925316e+05
1.483482265159391682e+05
1.481861000019757194e+05
1.480242628752948658e+05
1.478627143901920645e+05
1.477014538809483929e+05
1.475404806104613526e+05
1.473797939085631515e+05
1.472193930375158088e+05
1.470592773378029815e+05
1.468994460838483938e+05
1.467398986135655723e+05
1.465806341971973598e+05
1.464216521832832077e+05
1.462629518553919042e+05
1.461045325593687012e+05
1.459463935732546670e+05
1.457885342561229190e+05
1.456309538979824283e+05
1.454736518523492559e+05
1.453166274231758143e+05
1.451598799290115130e+05
1.450034087335443182e+05
1.448472131281241309e+05
1.446912924806126102e+05
1.445356461178839672e+05
1.443802733552171558e+05
1.442251735614557110e+05
1.440703460516404011e+05
1.439157902046278177e+05
1.437615053419941687e+05
1.436074907949595072e+05
1.434537459559102426e+05
1.433002701521822601e+05
1.431470627158898860e+05
1.429941230481660750e+05
1.428414504839750298e+05
1.426890443585673056e+05
1.425369040785187099e+05
1.423850289872213907e+05
1.422334184242431947e+05
1.420820718005584495e+05
1.419309884675875946e+05
1.417801677871778666e+05
1.416296091227649595e+05
1.414793118849704915e+05
1.413292754232099978e+05
1.411794991069044045e+05
1.410299823518887861e+05
1.408807245128661452e+05
1.407317249838986027e+05
1.405829831493306265e+05
1.404344983699166623e+05
1.402862700822304178e+05
1.401382976552096661e+05
1.399905804746600916e+05
1.398431179311609885e+05
1.396959094474921876e+05
1.395489544022878690e+05
1.394022522066590900e+05
1.392558022502260283e+05
1.391096039435478451e+05
1.389636566771036014e+05
1.388179598818917875e+05
1.386725129631723394e+05
1.385273153241094842e+05
1.383823663737795432e+05
1.382376655380036391e+05
1.380932122189241636e+05
1.379490058273889881e+05
1.378050458153215586e+05
1.376613315784177685e+05
1.375178625536037434e+05
1.373746381514315726e+05
1.372316578074469289e+05
1.370889209483024606e+05
1.369464269952463801e+05
1.368041753937552276e+05
1.366621655617753277e+05
1.365203969459513901e+05
1.363788689597138728e+05
1.362375810720612062e+05
1.360965327160104061e+05
1.359557233178500901e+05
1.358151523362163280e+05
1.356748192023829324e+05
1.355347233703409147e+05
1.353948642866948503e+05
1.352552413940324332e+05
1.351158541555921256e+05
1.349767020084422256e+05
1.348377844231523923e+05
1.346991008400825958e+05
1.345606507289353176e+05
1.344224335406740429e+05
1.342844487376173784e+05
1.341466957854830252e+05
1.340091741388463415e+05
1.338718832756068732e+05
1.337348226471067755e+05
1.335979917382289714e+05
1.334613900192006549e+05
1.333250169427777291e+05
1.331888719838848046e+05
1.330529546305167023e+05
1.329172643470801704e+05
1.327818006197858194e+05
1.326465629214955552e+05
1.325115507356025919e+05
1.323767635438940779e+05
1.322422008270704537e+05
1.321078620750390110e+05
1.319737467848085216e+05
1.318398544175702555e+05
1.317061844704874675e+05
1.315727364450589521e+05
1.314395098221124499e+05
1.313065041073287721e+05
1.311737187835874211e+05
1.310411533775762655e+05
1.309088073397273838e+05
1.307766801994507550e+05
1.306447714457119000e+05
1.305130805923616281e+05
1.303816071324663499e+05
1.302503505986314121e+05
1.301193104537807521e+05
1.299884862305238057e+05
1.298578774332884350e+05
1.297274835756151151e+05
1.295973041875190975e+05
1.294673387443776155e+05
1.293375867849552887e+05
1.292080478166735411e+05
1.290787213866125094e+05
1.289496069647776749e+05
1.288207041051442939e+05
1.286920123124745878e+05
1.285635311453931645e+05
1.284352600757567416e+05
1.283071986634966452e+05
1.281793464217755682e+05
1.280517029074570892e+05
1.279242676095714123e+05
1.277970400770770357e+05
1.276700198665796052e+05
1.275432064653190027e+05
1.274165994413687877e+05
1.272901983140529046e+05
1.271640026562046260e+05
1.270380119563914923e+05
1.269122257836619538e+05
1.267866436932375946e+05
1.266612651898797776e+05
1.265360898460181779e+05
1.264111172095628426e+05
1.262863468093377887e+05
1.261617781950585631e+05
1.260374109450716787e+05
1.259132445716598450e+05
1.257892786569750751e+05
1.256655127316688449e+05
1.255419463511260547e+05
1.254185791047460516e+05
1.252954105028077611e+05
1.251724401243700268e+05
1.250496675539195858e+05
1.249270923023733776e+05
1.248047139832795365e+05
1.246825321109001816e+05
1.245605462727642152e+05
1.244387560580518038e+05
1.243171609843303886e+05
1.241957606707903906e+05
1.240745546388501971e+05
1.239535424976636277e+05
1.238327237919794134e+05
1.237120981143303216e+05
1.235916650177995471e+05
1.234714240881585720e+05
1.233513749160659499e+05
1.232315170566029410e+05
1.231118501079897833e+05
1.229923736235600372e+05
1.228730872236310097e+05
1.227539904417908110e+05
1.226350829108173493e+05
1.225163641725457564e+05
1.223978338444557157e+05
1.222794914909211802e+05
1.221613367209803982e+05
1.220433690935047343e+05
1.219255882424617012e+05
1.218079937085780693e+05
1.216905851294270979e+05
1.215733620667319774e+05
1.214563241373355704e+05
1.213394709313352359e+05
1.212228020267655229e+05
1.211063170472352504e+05
1.209900155691260879e+05
1.208738972229351639e+05
1.207579615683995507e+05
1.206422082554413355e+05
1.205266368451058806e+05
1.204112469731182355e+05
1.202960382391508901e+05
1.201810102246982860e+05
1.200661625691564986e+05
1.199514948573546426e+05
1.198370067279255163e+05
1.197226977694740053e+05
1.196085675872270076e+05
1.194946158255486371e+05
1.193808420560588129e+05
1.192672459395878104e+05
1.191538270743436879e+05
1.190405850496341591e+05
1.189275195284799993e+05
1.188146301162074669e+05
1.187019164028687374e+05
1.185893780526057235e+05
1.184770146772645385e+05
1.183648258700914594e+05
1.182528112944471359e+05
1.181409705669699615e+05
1.180293032887338049e+05
1.179178091193601722e+05
1.178064876782526408e+05
1.176953385784191923e+05
1.175843614746610547e+05
1.174735559879715729e+05
1.173629217400458292e+05
1.172524583887052722e+05
1.171421655519955384e+05
1.170320428553883976e+05
1.169220899699612637e+05
1.168123065059576329e+05
1.167026921085829817e+05
1.165932464060779603e+05
1.164839690644292568e+05
1.163748597069281968e+05
1.162659179650363658e+05
1.161571435199788975e+05
1.160485359872579138e+05
1.159400950164824753e+05
1.158318202424751653e+05
1.157237113455641229e+05
1.156157679480414372e+05
1.155079897047025297e+05
1.154003762713459582e+05
1.152929272752704419e+05
1.151856423992372002e+05
1.150785212839569431e+05
1.149715635883825598e+05
1.148647689420222014e+05
1.147581370331988583e+05
1.146516675059151312e+05
1.145453600224413531e+05
1.144392142338818085e+05
1.143332297791562451e+05
1.142274063585264084e+05
1.141217436200284137e+05
1.140162412203887943e+05
1.139108988178553263e+05
1.138057160806333850e+05
1.137006926600336155e+05
1.135958282554237958e+05
1.134911225078213465e+05
1.133865750882811117e+05
1.132821856689884735e+05
1.131779539211642405e+05
1.130738795058526593e+05
1.129699620774648938e+05
1.128662013466898061e+05
1.127625969720147259e+05
1.126591486227584683e+05
1.125558559682373598e+05
1.124527186870376754e+05
1.123497364584902971e+05
1.122469089617298014e+05
1.121442358489742473e+05
1.120417168340850767e+05
1.119393515819099121e+05
1.118371397756804799e+05
1.117350810970230814e+05
1.116331752201725467e+05
1.115314218294824241e+05
1.114298206113248452e+05
1.113283712527986354e+05
1.112270734391437290e+05
1.111259268492885021e+05
1.110249311717856181e+05
1.109240860792019666e+05
1.108233912977578439e+05
1.107228465000060678e+05
1.106224513691678439e+05
1.105222055968996719e+05
1.104221088772133953e+05
1.103221609048350656e+05
1.102223613751027588e+05
1.101227099771993380e+05
1.100232064038880053e+05
1.099238503529465524e+05
1.098246415228608967e+05
1.097255796128241782e+05
1.096266643211971241e+05
1.095278953408566740e+05
1.094292723722135270e+05
1.093307951174765913e+05
1.092324632795556827e+05
1.091342765620606806e+05
1.090362346670879779e+05
1.089383372929281322e+05
1.088405841449936997e+05
1.087429749298735696e+05
1.086455093548500445e+05
1.085481871278981562e+05
1.084510079565593041e+05
1.083539715438248677e+05
1.082570775988948444e+05
1.081603258326855139e+05
1.080637159567992785e+05
1.079672476835234556e+05
1.078709207258292008e+05
1.077747348113345797e+05
1.076786896152657573e+05
1.075827848704409844e+05
1.074870202927292121e+05
1.073913955986769724e+05
1.072959105055061227e+05
1.072005647311116481e+05
1.071053579905619408e+05
1.070102900000063673e+05
1.069153604795248975e+05
1.068205691498668748e+05
1.067259157324497792e+05
1.066313999669822661e+05
1.065370215409745870e+05
1.064427801945838874e+05
1.063486756475989823e+05
1.062547076243165357e+05
1.061608758502931014e+05
1.060671800517441443e+05
1.059736199555431958e+05
1.058801952892201225e+05
1.057869057985835389e+05
1.056937511767782562e+05
1.056007311672964279e+05
1.055078454996273213e+05
1.054150939047088468e+05
1.053224761141276249e+05
1.052299918601171084e+05
1.051376408931771148e+05
1.050454229116043280e+05
1.049533376671744918e+05
1.048613848942190962e+05
1.047695643252373848e+05
1.046778756959233433e+05
1.045863187607526925e+05
1.044948932220025745e+05
1.044035988354058500e+05
1.043124353397269879e+05
1.042214024743628252e+05
1.041304999969489581e+05
1.040397276129446836e+05
1.039490850809558469e+05
1.038585721406317753e+05
1.037681885341009183e+05
1.036779340222487372e+05
1.035878083137853828e+05
1.034978111708235956e+05
1.034079423385072296e+05
1.033182015625990898e+05
1.032285886070877168e+05
1.031391031837704650e+05
1.030497450578487478e+05
1.029605139775471616e+05
1.028714097087864793e+05
1.027824319643198833e+05
1.026935805117799464e+05
1.026048551019365259e+05
1.025162555037626589e+05
1.024277814340740879e+05
1.023394326630352007e+05
1.022512089438402036e+05
1.021631100478805747e+05
1.020751356943876599e+05
1.019872856559328939e+05
1.018995596881138918e+05
1.018119575647242164e+05
1.017244790073810291e+05
1.016371237910383788e+05
1.015498916904903599e+05
1.014627824287143012e+05
1.013757957825071790e+05
1.012889315116947982e+05
1.012021893942845491e+05
1.011155691561096610e+05
1.010290705763222359e+05
1.009426934346722846e+05
1.008564374587617058e+05
1.007703024294761854e+05
1.006842881282984308e+05
1.005983942845817801e+05
1.005126206809357536e+05
1.004269671005655837e+05
1.003414332745592837e+05
1.002560189872397459e+05
1.001707240235251375e+05
1.000855481162204960e+05
1.000004910513522773e+05
9.991555261554119352e+04
9.983073254329197516e+04
9.974603062226061593e+04
9.966144664046828984e+04
9.957698033410286007e+04
9.949263149260735372e+04
9.940839990601470345e+04
9.932428531221633602e+04
9.924028750232265156e+04
9.915640626803277701e+04
9.907264134888205444e+04
9.898899255519614962e+04
9.890545962765435979e+04
9.882204236009364831e+04
9.873874054693740618e+04
9.865555393047936377e+04
9.857248232374296640e+04
9.848952547014622542e+04
9.840668316622238490e+04
9.832395520908926846e+04
9.824134134374941641e+04
9.815884138590014481e+04
9.807645508164838247e+04
9.799418223019344441e+04
9.791202263131694053e+04
9.782997603268008970e+04
9.774804225263009721e+04
9.766622103991250333e+04
9.758451219636155292e+04
9.750291552439198131e+04
9.742143077427303069e+04
9.734005776697710098e+04
9.725879625383776147e+04
9.717764605683514674e+04
9.709660692835890222e+04
9.701567869139307004e+04
9.693486109937514993e+04
9.685415395876813272e+04
9.677355707661130873e+04
9.669307020781046594e+04
9.661269317792926449e+04
9.653242574290097400e+04
9.645226772927845013e+04
9.637221889401414956e+04
9.629227906464591797e+04
9.621244799913726456e+04
9.613272552600673225e+04
9.605311140422051540e+04
9.597360546327369229e+04
9.589420746312705160e+04
9.581491723424807424e+04
9.573573453758380492e+04
9.565665920456852473e+04
9.557769099712788011e+04
9.549882974765879044e+04
9.542007521905719477e+04
9.534142724467816879e+04
9.526288558837989694e+04
9.518445008447092550e+04
9.510612049776315689e+04
9.502789666355852387e+04
9.494977834794472437e+04
9.487176538722892292e+04
9.479385754814988468e+04
9.471605466789750790e+04
9.463835651414164749e+04
9.456076292501117860e+04
9.448327366909830016e+04
9.440588858546625124e+04
9.432860746110852051e+04
9.425143008355662460e+04
9.417435629317715939e+04
9.409738586092124751e+04
9.402051862807829457e+04
9.394375436649225594e+04
9.386709291837102501e+04
9.379053405644273153e+04
9.371407762382901274e+04
9.363772341161177610e+04
9.356147121138795046e+04
9.348532086755114142e+04
9.340927215509304369e+04
9.333332491930945253e+04
9.325747893657503300e+04
9.318173405389289837e+04
9.310609006551065249e+04
9.303054676616909273e+04
9.295510400338927866e+04
9.287976155528899108e+04
9.280451927028033242e+04
9.272937694477716286e+04
9.265433437567937654e+04
9.257939141263706551e+04
9.250454783591658634e+04
9.242980349604725779e+04
9.235515819156797079e+04
9.228061172149096092e+04
9.220616393756578327e+04
9.213181462226790609e+04
9.205756362978515972e+04
9.198341076130887086e+04
9.190935581801155058e+04
9.183539865380676929e+04
9.176153907065057138e+04
9.168777687095408328e+04
9.161411190982430708e+04
9.154054399044669117e+04
9.146707291645354417e+04
9.139369854413495341e+04
9.132042066045638057e+04
9.124723912255100731e+04
9.117415373611306131e+04
9.110116430901893182e+04
9.102827069992200995e+04
9.095547271528122656e+04
9.088277016198341153e+04
9.081016289959246933e+04
9.073765073573729023e+04
9.066523347846670367e+04
9.059291098849120317e+04
9.052068307459252537e+04
9.044854954596444441e+04
9.037651026498177089e+04
9.030456504449892964e+04
9.023271371280755557e+04
9.016095608075369091e+04
9.008929201174274203e+04
9.001772131733396964e+04
8.994624380948170437e+04
8.987485935270467598e+04
8.980356775966100395e+04
8.973236884339658718e+04
8.966126247032459651e+04
8.959024845773944980e+04
8.951932663770580257e+04
8.944849682486050006e+04
8.937775888634941657e+04
8.930711263749309001e+04
