1.477103268572868902e-02
4.265878869766877024e-01
6.576724971889781335e-01
8.401156011958949010e-01
1.004999603004425923e+00
1.159072651572770507e+00
1.302004053314004928e+00
1.440135913256212596e+00
1.574967102169269717e+00
1.706916829091416066e+00
1.835922489119661938e+00
1.961660132901025033e+00
2.083671790947939417e+00
2.201441941617988896e+00
2.314444450215990656e+00
2.422172210000777870e+00
2.524156090054334722e+00
2.619977045485779588e+00
2.709273696029049550e+00
2.791746699628137485e+00
2.867160596954078322e+00
2.935344052035784301e+00
2.996188283601926905e+00
3.049644518442826691e+00
3.095720179704136044e+00
3.134474762663582492e+00
3.166014693210768005e+00
3.190488271896223971e+00
3.208080547178889574e+00
3.219008310732836886e+00
3.223515586139954259e+00
3.221869645365925017e+00
3.214357657902874532e+00
3.201283869410215921e+00
3.182967618179047165e+00
3.159741495668127786e+00
3.131950228933141123e+00
3.099949344387436412e+00
3.064104041399844824e+00
3.024787765784617388e+00
2.982380503828066409e+00
2.937266592896727868e+00
2.889832058035993523e+00
2.840461453222530519e+00
2.789534511166344988e+00
2.737422278277704901e+00
2.684483485334305364e+00
2.631060706066538746e+00
2.577476998247883788e+00
2.524032942649732103e+00
2.471004108189378545e+00
2.418639356389356010e+00
2.367159591962955556e+00
2.316757322846831890e+00
2.267596786037216816e+00
2.219814665953447008e+00
2.173521313516755704e+00
2.128802239969727506e+00
2.085720060356368588e+00
2.044316456425731232e+00
2.004614414800245825e+00
1.966620455312224403e+00
1.930326649954771323e+00
1.895712857986022959e+00
1.862748669142474833e+00
1.831395213042525505e+00
1.801606796410982092e+00
1.773332474527677505e+00
1.746517376092197038e+00
1.721103836358063077e+00
1.697032407442069957e+00
1.674242828001243133e+00
1.652674542211300501e+00
1.632267536467030711e+00
1.612962679952772982e+00
1.594702113096120089e+00
1.577429705358641021e+00
1.561091099336543664e+00
1.545634013087976877e+00
1.531008296197444718e+00
1.517166033219741417e+00
1.504061557737219390e+00
1.491651447256170604e+00
1.479894528690568034e+00
1.468751840635086570e+00
1.458186560297531020e+00
1.448163890686265054e+00
1.438651066443024762e+00
1.429617276878005772e+00
1.421033481351081651e+00
1.412872407780978001e+00
1.405108429021314276e+00
1.397717492891132451e+00
1.390677022817381481e+00
1.383965843613244262e+00
1.377564092472163271e+00
1.371453147174506171e+00
1.365615548066616780e+00
1.360034905293172613e+00
1.354695878811657428e+00
1.349584109144173816e+00
1.344686053889149413e+00
1.339989099205210810e+00
1.335481374304882785e+00
1.331151751487423152e+00
1.326989758500134009e+00
1.322985643889936114e+00
1.319130181460318019e+00
1.315414733592265017e+00
1.311831205013284096e+00
1.308371970121062322e+00
1.305029854737752792e+00
1.301798159367481444e+00
1.298670533882895217e+00
1.295641043039827078e+00
1.292704055733875368e+00
1.289854329620429674e+00
1.287086893965389001e+00
1.284397070012914366e+00
1.281780452170278028e+00
1.279232890454458760e+00
1.276750474180360584e+00
1.274329516789675543e+00
1.271966511842337777e+00
1.269658188504833252e+00
1.267401463452436650e+00
1.265193353527393594e+00
1.263031154728092353e+00
1.260912186653313061e+00
1.258834030116746439e+00
1.256794321456337071e+00
1.254790843343624118e+00
1.252821525600402497e+00
1.250884384649820991e+00
1.248977518558888500e+00
1.247099176272840282e+00
1.245247678756572718e+00
1.243421432713572639e+00
1.241618928849591352e+00
1.239838737136581770e+00
1.238079502318089720e+00
1.236339939738704263e+00
1.234618831434102004e+00
1.232915022423616724e+00
1.231227417282553249e+00
1.229554976897144769e+00
1.227896715409167339e+00
1.226251697368603510e+00
1.224619035041849546e+00
1.222997885885142688e+00
1.221387450166987465e+00
1.219786968731125132e+00
1.218195720886778854e+00
1.216613022435079738e+00
1.215038223785915417e+00
1.213470698918942992e+00
1.211909862623574030e+00
1.210355167310457780e+00
1.208806085289573451e+00
1.207262115617539600e+00
1.205722782765576095e+00
1.204187635394415645e+00
1.202656230340030108e+00
1.201128169608785434e+00
1.199603073777258055e+00
1.198080577105020694e+00
1.196560332720164599e+00
1.195042011756837219e+00
1.193525291934752763e+00
1.192009877717945976e+00
1.190495500140425378e+00
1.188981894282667318e+00
1.187468809382220325e+00
1.185956008193714606e+00
1.184443263341517172e+00
1.182930349163352268e+00
1.181417082421203579e+00
1.179903274079956654e+00
1.178388745820413419e+00
1.176873329560042647e+00
1.175356866996957628e+00
1.173839208454309668e+00
1.172320198949497794e+00
1.170799723262004433e+00
1.169277658090277283e+00
1.167753887943066449e+00
1.166228304788703207e+00
1.164700807739549759e+00
1.163171302734466783e+00
1.161639702240857774e+00
1.160105924989650594e+00
1.158569888835518480e+00
1.157031527972847584e+00
1.155490782121906479e+00
1.153947592442455816e+00
1.152401905110866265e+00
1.150853671108061915e+00
1.149302846007665746e+00
1.147749389785177154e+00
1.146193266625453955e+00
1.144634444752955726e+00
1.143072896243692682e+00
1.141508596869845515e+00
1.139941525940379785e+00
1.138371666147144801e+00
1.136799003419191489e+00
1.135223526792235704e+00
1.133645228257354143e+00
1.132064102652257098e+00
1.130480147525626977e+00
1.128893363023766527e+00
1.127303751775414753e+00
1.125711318787385062e+00
1.124116071337246447e+00
1.122518018869014478e+00
1.120917172909168924e+00
1.119313546954545435e+00
1.117707156405699065e+00
1.116098017442191725e+00
1.114486139421838606e+00
1.112871552711300893e+00
1.111254279458143257e+00
1.109634343313758320e+00
1.108011769348439257e+00
1.106386584000105033e+00
1.104758814993805904e+00
1.103128491293639879e+00
1.101495634078546448e+00
1.099860273634796659e+00
1.098222451406325018e+00
1.096582200703723808e+00
1.094939555789232077e+00
1.093294551832002526e+00
1.091647215918825742e+00
1.089997579212075296e+00
1.088345693156314020e+00
1.086691596071238886e+00
1.085035326945318124e+00
1.083376915535849472e+00
1.081716394546483384e+00
1.080053821469693309e+00
1.078389237626907970e+00
1.076722684835701438e+00
1.075054175449646543e+00
1.073383781146461269e+00
1.071711545302230340e+00
1.070037509773841267e+00
1.068361688587474712e+00
1.066684156599454703e+00
1.065004958221152931e+00
1.063324123009314004e+00
1.061641690348426037e+00
1.059957725329263800e+00
1.058272271184350188e+00
1.056585339784166244e+00
1.054897011754337033e+00
1.053207332820820019e+00
1.051516313900539679e+00
1.049824030496878446e+00
1.048130533298006650e+00
1.046435832231023877e+00
1.044740003465489453e+00
1.043043098447941297e+00
1.041345120140227953e+00
1.039646156942524158e+00
1.037946244285259612e+00
1.036245404615298238e+00
1.034543717536261509e+00
1.032841201701532041e+00
1.031137910497901267e+00
1.029433907411278160e+00
1.027729192436060091e+00
1.026023857092711378e+00
1.024317920259230297e+00
1.022611430487959661e+00
1.020904448896098327e+00
1.019196982499847248e+00
1.017489119483652171e+00
1.015780864451471421e+00
1.014072289516655179e+00
1.012363424904658027e+00
1.010654312313982395e+00
1.008945009384679459e+00
1.007235531759608671e+00
1.005525960121168572e+00
1.003816288320344752e+00
1.002106610410943066e+00
1.000396918837793692e+00
9.986873050023308274e-01
9.969777699212243327e-01
9.952683689285476420e-01
9.935591427868014636e-01
9.918501319722065057e-01
9.901413766862304788e-01
9.884329168532145493e-01
9.867247921052263449e-01
9.850170417876596973e-01
9.833097049513552790e-01
9.816028203516831141e-01
9.798964264020206816e-01
9.781905611810995937e-01
9.764852626649253020e-01
9.747805683795128795e-01
9.730765155473322103e-01
9.713731410880949158e-01
9.696704815988811399e-01
9.679685733477989551e-01
9.662674522987236836e-01
9.645671540911101571e-01
9.628677140390726752e-01
9.611691671287825312e-01
9.594715480263266150e-01
9.577748910744009470e-01
9.560792302803061693e-01
9.543845993244840509e-01
9.526910315631477166e-01
9.509985599293843128e-01
9.493072170647780528e-01
9.476170354317249300e-01
9.459280470711337596e-01
9.442402836812784361e-01
9.425537766176097509e-01
9.408685569192317688e-01
9.391846552914240309e-01
9.375021018821830809e-01
9.358209266652263159e-01
9.341411595959355774e-01
9.324628300523915003e-01
9.307859670911982075e-01
9.291105989398081855e-01
9.274367542292090150e-01
9.257644612201587631e-01
9.240937476080308688e-01
9.224246400180121652e-01
9.207571662969309401e-01
9.190913531954920668e-01
9.174272261805606066e-01
9.157648122603998520e-01
9.141041368839954995e-01
9.124452250783453566e-01
9.107881027340867242e-01
9.091327935124086101e-01
9.074793229418476326e-01
9.058277142685715599e-01
9.041779920367337686e-01
9.025301790167007399e-01
9.008842991760572794e-01
8.992403743866215216e-01
8.975984282364793954e-01
8.959584820238746250e-01
8.943205582802050690e-01
8.926846786700755043e-01
8.910508637344443095e-01
8.894191353070377559e-01
8.877895140307617838e-01
8.861620194837381836e-01
8.845366725075913816e-01
8.829134928705013596e-01
8.812925000362294981e-01
8.796737127645439802e-01
8.780571502741321144e-01
8.764428312747863936e-01
8.748307740750637107e-01
8.732209966971952175e-01
8.716135168873460071e-01
8.700083520959849270e-01
8.684055195060793597e-01
8.668050360260145526e-01
8.652069182902883959e-01
8.636111826666840185e-01
8.620178452482315512e-01
8.604269218596029001e-01
8.588384280599831166e-01
8.572523791536531546e-01
8.556687901904396210e-01
8.540876758817820269e-01
8.525090502382148827e-01
8.509329280305963916e-01
8.493593232866387677e-01
8.477882496749127306e-01
8.462197199783705326e-01
8.446537482386654583e-01
8.430903473125561653e-01
8.415295291615743078e-01
8.399713072749056542e-01
8.384156930108030981e-01
8.368626989572136576e-01
8.353123364709453824e-01
8.337646173213748568e-01
8.322195524392523858e-01
8.306771534587117367e-01
8.291374302137419772e-01
8.276003943140113339e-01
8.260660554906291697e-01
8.245344238237864998e-01
8.230055096905547485e-01
8.214793226093730638e-01
8.199558714218780908e-01
8.184351660405336792e-01
8.169172154419190868e-01
8.154020283893744780e-01
8.138896134512176861e-01
8.123799789592915932e-01
8.108731329551006617e-01
8.093690836627465135e-01
8.078678388673979915e-01
8.063694061352164599e-01
8.048737928643915351e-01
8.033810062463991875e-01
8.018910530126329705e-01
8.004039402200590070e-01
7.989196745091788898e-01
7.974382623547099369e-01
7.959597100463217112e-01
7.944840235564315511e-01
7.930112082370537330e-01
7.915412705191873233e-01
7.900742160029908812e-01
7.886100490921111872e-01
7.871487758243576049e-01
7.856904010779460767e-01
7.842349290943897433e-01
7.827823655280787829e-01
7.813327135983407778e-01
7.798859789480629967e-01
7.784421645481340857e-01
7.770012752784377641e-01
7.755633146590836802e-01
7.741282860454402615e-01
7.726961936461734792e-01
7.712670404091237497e-01
7.698408292543845732e-01
7.684175638171603095e-01
7.669972469438522955e-01
7.655798813354990351e-01
7.641654692068925447e-01
7.627540133496126806e-01
7.613455161991146136e-01
7.599399799292271274e-01
7.585374065730863258e-01
7.571377980551783349e-01
7.557411561568243563e-01
7.543474825583921239e-01
7.529567788041887644e-01
7.515690463279874889e-01
7.501842861037936183e-01
7.488024993338161517e-01
7.474236872934042486e-01
7.460478509387465929e-01
7.446749911008374578e-01
7.433051074851261264e-01
7.419382016706448368e-01
7.405742741658734030e-01
7.392133240087114254e-01
7.378553527809142976e-01
7.365003597323275253e-01
7.351483451512692557e-01
7.337993087785322777e-01
7.324532504355616425e-01
7.311101695054301741e-01
7.297700662090668144e-01
7.284329387183617888e-01
7.270987875683182500e-01
7.257676116938469590e-01
7.244394094475742341e-01
7.231141807060871285e-01
7.217919243168529064e-01
7.204726390407978354e-01
7.191563229801325452e-01
7.178429753881879760e-01
7.165325947807575924e-01
7.152251795904802645e-01
7.139207281544102113e-01
7.126192387402037198e-01
7.113207095462854568e-01
7.100251386788306585e-01
7.087325241941472287e-01
7.074428640569514481e-01
7.061561561577039958e-01
7.048723982593922965e-01
7.035915875350018389e-01
7.023137221980538802e-01
7.010387998783311758e-01
6.997668181393893461e-01
6.984977734154887985e-01
6.972316639586666476e-01
6.959684872590101712e-01
6.947082391478597296e-01
6.934509181869897843e-01
6.921965205656388509e-01
6.909450436235188286e-01
6.896964840960956300e-01
6.884508390145261947e-01
6.872081047515108398e-01
6.859682789283920723e-01
6.847313566695962805e-01
6.834973359688529815e-01
6.822662131500019100e-01
6.810379836531594844e-01
6.798126449118789827e-01
6.785901931936790810e-01
6.773706247253397095e-01
6.761539351463972114e-01
6.749401211266309319e-01
6.737291788760004785e-01
6.725211044255866577e-01
6.713158937920954417e-01
6.701135429281026568e-01
6.689140477505359783e-01
6.677174041380359304e-01
6.665236079332902408e-01
6.653326549427116543e-01
6.641445409367421338e-01
6.629592616570586516e-01
6.617768123702506555e-01
6.605971887636006290e-01
6.594203867625803017e-01
6.582464019552689560e-01
6.570752295194346448e-01
6.559068644805585713e-01
6.547413031109643455e-01
6.535785403610473443e-01
6.524185711214175454e-01
6.512613917903721239e-01
6.501069960371282930e-01
6.489553806919570178e-01
6.478065395259821058e-01
6.466604690667235866e-01
6.455171628137345019e-01
6.443766174121182688e-01
6.432388267148414496e-01
6.421037862472837032e-01
6.409714913856459084e-01
6.398419360432427982e-01
6.387151157489335818e-01
6.375910256210310934e-01
6.364696604359052490e-01
6.353510144102817447e-01
6.342350826723509583e-01
6.331218601926067446e-01
6.320113416793606831e-01
6.309035218024036107e-01
6.297983952485084469e-01
6.286959566695419221e-01
6.275962007057956926e-01
6.264991219899453956e-01
6.254047151358991252e-01
6.243129747489530867e-01
6.232238954245534757e-01
6.221374717277973199e-01
6.210536982280503437e-01
6.199725690343139695e-01
6.188940786621273116e-01
6.178182219986064760e-01
6.167449935884479206e-01
6.156743873905090592e-01
6.146063976346700652e-01
6.135410195555199842e-01
6.124782468963997362e-01
6.114180738947636584e-01
6.103604959271865527e-01
6.093055055067828629e-01
6.082530989285729328e-01
6.072032688001439693e-01
6.061560110108676902e-01
6.051113181151588361e-01
6.040691860987988937e-01
6.030296077210081096e-01
6.019925781722585967e-01
6.009580918593911969e-01
5.999261416596294305e-01
5.988967230982835677e-01
5.978698302912432982e-01
5.968454566896110869e-01
5.958235967029064106e-01
5.948042448696249096e-01
5.937873952853184312e-01
5.927730420436861936e-01
5.917611792586302544e-01
5.907518007069089139e-01
5.897449008241940627e-01
5.887404738133211746e-01
5.877385137842662255e-01
5.867390148573701225e-01
5.857419711282751962e-01
5.847473767291262448e-01
5.837552257613108919e-01
5.827655120330497152e-01
5.817782297345273079e-01
5.807933731390952925e-01
5.798109363819786699e-01
5.788309136042626424e-01
5.778532989530248409e-01
5.768780856391813039e-01
5.759052684426446689e-01
5.749348417445497850e-01
5.739667992633276095e-01
5.730011344676378959e-01
5.720378425736226680e-01
5.710769168660606576e-01
5.701183514413195041e-01
5.691621411549020459e-01
5.682082785572767358e-01
5.672567596677744461e-01
5.663075763285838615e-01
5.653607248558766285e-01
5.644161972869226052e-01
5.634739893322784354e-01
5.625340940929673961e-01
5.615965058399986498e-01
5.606612193490984053e-01
5.597282272830984562e-01
5.587975247772898335e-01
5.578691060828770976e-01
5.569429645728306566e-01
5.560190943193300539e-01
5.550974899924722150e-01
5.541781456077815582e-01
5.532610551999864734e-01
5.523462123833523529e-01
5.514336114833366942e-01
5.505232468574516869e-01
5.496151125700300399e-01
5.487092027265108030e-01
5.478055114444153606e-01
5.469040328237810833e-01
5.460047610162197529e-01
5.451076901459874779e-01
5.442128143892109859e-01
5.433201279044390652e-01
5.424296248623339256e-01
5.415412994764733368e-01
5.406551458909554242e-01
5.397711576401245104e-01
5.388893295900957225e-01
5.380096559924476551e-01
5.371321311205254911e-01
5.362567490755820732e-01
5.353835031376165121e-01
5.345123886935559954e-01
5.336434000405925193e-01
5.327765303654640183e-01
5.319117745830544974e-01
5.310491275381725718e-01
5.301885818229336023e-01
5.293301333163918931e-01
5.284737755673218906e-01
5.276195027898642476e-01
5.267673098327680936e-01
5.259171900974342062e-01
5.250691388910623258e-01
5.242231496373194188e-01
5.233792172632616424e-01
5.225373360568784653e-01
5.216974997249720358e-01
5.208597038758602249e-01
5.200239413086784612e-01
5.191902074366068209e-01
5.183584969379679830e-01
5.175288029127611544e-01
5.167011206270823997e-01
5.158754447367873697e-01
5.150517695712181210e-01
5.142300884114352488e-01
5.134103968051880740e-01
5.125926891570433686e-01
5.117769598745288695e-01
5.109632033817883556e-01
5.101514141196183960e-01
5.093415860599731504e-01
5.085337142421259005e-01
5.077277931777364195e-01
5.069238173744184950e-01
5.061217813676370803e-01
5.053216796756866414e-01
5.045235068670208545e-01
5.037272575269415853e-01
5.029329262249176979e-01
5.021405075910185811e-01
5.013499962371981145e-01
5.005613861938106313e-01
4.997746726298745168e-01
4.989898502196968844e-01
4.982069136549688859e-01
4.974258576321451408e-01
4.966466769054142527e-01
4.958693651569047178e-01
4.950939179366727894e-01
4.943203301885004675e-01
4.935485967199683688e-01
4.927787107469591699e-01
4.920106685489278875e-01
4.912444650111674194e-01
4.904800933393994589e-01
4.897175497382703080e-01
4.889568289150171276e-01
4.881979244397035012e-01
4.874408329209120594e-01
4.866855473367110996e-01
4.859320641003735397e-01
4.851803769257900800e-01
4.844304815326603286e-01
4.836823719850666392e-01
4.829360441166597462e-01
4.821914915914853883e-01
4.814487110483179344e-01
4.807076950831762896e-01
4.799684407817818577e-01
4.792309420849590329e-01
4.784951937527083810e-01
4.777611917774658989e-01
4.770289300150256095e-01
4.762984037613398614e-01
4.755696086799572897e-01
4.748425394531002319e-01
4.741171901636410668e-01
4.733935570178879337e-01
4.726716350218355678e-01
4.719514191620278742e-01
4.712329037021024680e-01
4.705160843121732328e-01
4.698009563168202285e-01
4.690875147859477901e-01
4.683757548069516496e-01
4.676656715226779615e-01
4.669572600555926267e-01
4.662505155455061168e-01
4.655454331247649291e-01
4.648420079054776388e-01
4.641402353116047541e-01
4.634401105655147624e-01
4.627416289067084465e-01
4.620447855917269586e-01
4.613495756991857211e-01
4.606559945409359202e-01
4.599640375069183329e-01
4.592736999365131800e-01
4.585849771448157197e-01
4.578978645025019167e-01
4.572123574000576118e-01
4.565284512088618740e-01
4.558461413195732392e-01
4.551654221276352219e-01
4.544862900409765150e-01
4.538087405477847502e-01
4.531327690997464797e-01
4.524583704721631960e-01
4.517855401033238349e-01
4.511142742343138834e-01
4.504445684447704878e-01
4.497764164639231899e-01
4.491098155659212221e-01
4.484447613989622772e-01
4.477812474565414647e-01
4.471192713848511358e-01
4.464588280209086379e-01
4.457999122781032830e-01
4.451425213267682368e-01
4.444866483959022951e-01
4.438322914643798578e-01
4.431794443201977907e-01
4.425281039733860999e-01
4.418782649138219831e-01
4.412299238538731627e-01
4.405830752664390282e-01
4.399377163323178741e-01
4.392938407921148647e-01
4.386514465058837242e-01
4.380105271345681728e-01
4.373710798716710646e-01
4.367331001920892186e-01
4.360965828531334632e-01
4.354615251252857422e-01
4.348279217566696220e-01
4.341957684180465793e-01
4.335650618681275992e-01
4.329357974190078395e-01
4.323079700425234706e-01
4.316815767996393105e-01
4.310566134587782150e-01
4.304330752487663392e-01
4.298109578398892627e-01
4.291902578694478110e-01
4.285709711829580049e-01
4.279530936422943355e-01
4.273366207566030583e-01
4.267215482501747204e-01
4.261078726529807792e-01
4.254955898904436706e-01
4.248846959037901883e-01
4.242751866500125701e-01
4.236670581163120564e-01
4.230603062621391408e-01
4.224549271059518940e-01
4.218509166673191646e-01
4.212482709959046168e-01
4.206469861130737731e-01
4.200470580992592406e-01
4.194484830503080186e-01
4.188512570333017826e-01
4.182553761891281696e-01
4.176608366157311125e-01
4.170676344858020301e-01
4.164757659269353596e-01
4.158852271406123235e-01
4.152960142987004444e-01
4.147081235876655669e-01
4.141215512542884558e-01
4.135362935190511902e-01
4.129523459293235055e-01
4.123697050644848372e-01
4.117883674985752807e-01
4.112083295271622974e-01
4.106295874590317196e-01
4.100521369205487598e-01
4.094759741427578814e-01
4.089010961970628855e-01
4.083274994484761278e-01
4.077551793730674334e-01
4.071841323562930826e-01
4.066143556414563709e-01
4.060458453197108297e-01
4.054785964329029047e-01
4.049126070814351719e-01
4.043478732622494132e-01
4.037843901105536704e-01
4.032221558389385563e-01
4.026611656596902900e-01
4.021014161844093660e-01
4.015429049398138162e-01
4.009856260882241341e-01
4.004295786601422824e-01
3.998747570506597793e-01
3.993211592768404761e-01
3.987687808112677645e-01
3.982176188002523598e-01
3.976676693340022162e-01
3.971189293064218417e-01
3.965713948060579641e-01
3.960250631099085927e-01
3.954799296366285355e-01
3.949359926992145331e-01
3.943932464729513754e-01
3.938516900382517116e-01
3.933113181327109187e-01
3.927721283557282783e-01
3.922341177126462686e-01
3.916972810380973113e-01
3.911616170066860021e-01
3.906271214582234252e-01
3.900937903592535672e-01
3.895616217769619638e-01
3.890306117939387742e-01
3.885007561820287281e-01
3.879720530616080354e-01
3.874444990953897494e-01
3.869180896107338730e-01
3.863928223345116653e-01
3.858686943432949046e-01
3.853457023497621203e-01
3.848238421345124283e-01
3.843031109650693611e-01
3.837835060785980690e-01
3.832650242404183616e-01
3.827476622416688401e-01
3.822314163909104612e-01
3.817162834100285562e-01
3.812022607473697366e-01
3.806893451984071919e-01
3.801775336200511890e-01
3.796668228804335188e-01
3.791572098108738631e-01
3.786486913223608419e-01
3.781412642722485895e-01
3.776349254079811035e-01
3.771296716420632911e-01
3.766255001629658095e-01
3.761224078765659229e-01
3.756203917672058523e-01
3.751194487648221165e-01
3.746195758779646834e-01
3.741207700772004041e-01
3.736230283617018588e-01
3.731263477258037753e-01
3.726307252259309366e-01
3.721361578801153369e-01
3.716426423675424640e-01
3.711501759549830082e-01
3.706587558167449004e-01
3.701683790176223954e-01
3.696790426509898309e-01
3.691907438219356186e-01
3.687034796471999054e-01
3.682172472551265008e-01
3.677320437856079205e-01
3.672478656365384952e-01
3.667647103333389058e-01
3.662825753697103170e-01
3.658014579311255066e-01
3.653213552147241416e-01
3.648422640380729054e-01
3.643641809122028508e-01
3.638871040979625437e-01
3.634110308370134268e-01
3.629359583991907390e-01
3.624618822635021775e-01
3.619888013812364025e-01
3.615167130626876779e-01
3.610456139706397227e-01
3.605755006276596397e-01
3.601063716983299301e-01
3.596382243793795341e-01
3.591710540283704067e-01
3.587048600445510438e-01
3.582396395427932534e-01
3.577753879249125357e-01
3.573121047424258623e-01
3.568497863780848989e-01
3.563884295429052274e-01
3.559280332527784974e-01
3.554685926786445571e-01
3.550101069102127305e-01
3.545525727721481335e-01
3.540959870420509747e-01
3.536403486299830590e-01
3.531856525427163884e-01
3.527318989855248166e-01
3.522790824325715553e-01
3.518272031318167570e-01
3.513762559469565394e-01
3.509262406809681711e-01
3.504771524778985126e-01
3.500289911317739366e-01
3.495817515335033487e-01
3.491354340349089869e-01
3.486900328549226158e-01
3.482455485639453507e-01
3.478019762889798527e-01
3.473593150662366846e-01
3.469175618586640697e-01
3.464767136445124907e-01
3.460367695916551911e-01
3.455977245400928544e-01
3.451595784946156487e-01
3.447223282040129955e-01
3.442859703192868159e-01
3.438505040645031818e-01
3.434159256577151709e-01
3.429822328319071523e-01
3.425494242499678155e-01
3.421174962573335643e-01
3.416864465595271794e-01
3.412562737898611753e-01
3.408269749921499780e-01
3.403985467522580022e-01
3.399709881766708741e-01
3.395442968803339956e-01
3.391184693494845304e-01
3.386935036333900695e-01
3.382693980535992351e-01
3.378461502433475205e-01
3.374237571479540843e-01
3.370022162548743649e-01
3.365815261204598285e-01
3.361616844303399465e-01
3.357426888074949711e-01
3.353245363064349394e-01
3.349072246868555203e-01
3.344907522552537094e-01
3.340751167599785298e-01
3.336603158801706992e-01
3.332463473680137289e-01
3.328332089174873554e-01
3.324208974320385090e-01
3.320094115573082316e-01
3.315987490910777824e-01
3.311889077668243031e-01
3.307798853934051930e-01
3.303716797326793908e-01
3.299642885617477539e-01
3.295577097216577100e-01
3.291519409971420118e-01
3.287469801866322872e-01
3.283428251564973754e-01
3.279394737244474833e-01
3.275369237293610514e-01
3.271351730013905557e-01
3.267342194395374544e-01
3.263340608939196974e-01
3.259346952410059894e-01
3.255361203604295595e-01
3.251383341249710623e-01
3.247413344740222030e-01
3.243451192978302200e-01
3.239496865135632064e-01
3.235550340450689677e-01
3.231611598220868742e-01
3.227680617857358603e-01
3.223757378851877520e-01
3.219841860774287912e-01
3.215934043272436482e-01
3.212033906071993794e-01
3.208141428974793374e-01
3.204256591844577562e-01
3.200379370232697140e-01
3.196509743268744486e-01
3.192647695803387253e-01
3.188793208028798398e-01
3.184946260213442626e-01
3.181106832701853793e-01
3.177274905914430070e-01
3.173450450605622697e-01
3.169633453122512323e-01
3.165823897499223660e-01
3.162021764457327855e-01
3.158227034793063548e-01
3.154439680262982604e-01
3.150659683506074060e-01
3.146887032382509330e-01
3.143121707985092050e-01
3.139363687936536085e-01
3.135612941783136320e-01
3.131869465494806493e-01
3.128133240651617686e-01
3.124404241396380733e-01
3.120682442270834023e-01
3.116967838597159424e-01
3.113260411652550852e-01
3.109560124731778341e-01
3.105866973670404763e-01
3.102180944592326517e-01
3.098502004494957385e-01
3.094830139796786450e-01
3.091165342578328645e-01
3.087507579506216793e-01
3.083856836824864223e-01
3.080213107548411822e-01
3.076576353396283103e-01
3.072946569863102551e-01
3.069323744995463565e-01
3.065707835004342074e-01
3.062098849627257757e-01
3.058496757392406007e-01
3.054901539061061211e-01
3.051313192490397452e-01
3.047731670155170991e-01
3.044156985710126939e-01
3.040589100141014023e-01
3.037028006965838411e-01
3.033473687400942698e-01
3.029926116040370099e-01
3.026385290782854787e-01
3.022851172223551819e-01
3.019323770864590917e-01
3.015803036635883450e-01
3.012288987640407423e-01
3.008781570806305927e-01
3.005280805195277849e-01
3.001786637899523935e-01
2.998299088265459766e-01
2.994818101604870275e-01
2.991343697703815474e-01
2.987875826645843835e-01
2.984414500535759185e-01
2.980959679229737147e-01
2.977511363107142039e-01
2.974069526155967980e-01
2.970634152716369325e-01
2.967205235178508871e-01
2.963782737814188994e-01
2.960366669773087933e-01
2.956956987658187486e-01
2.953553696013631602e-01
2.950156772675898154e-01
2.946766191901643572e-01
2.943381957176170460e-01
2.940004029186715773e-01
2.936632407566928671e-01
2.933267080762982926e-01
2.929908007956957827e-01
2.926555199402086083e-01
2.923208632122898942e-01
2.919868276343922653e-01
2.916534136369492991e-01
2.913206189264238577e-01
2.909884407302852360e-01
2.906568793008047491e-01
2.903259328089826119e-01
2.899955977686318187e-01
2.896658747937002620e-01
2.893367622592647459e-01
2.890082569837940096e-01
2.886803584420826740e-01
2.883530657159692479e-01
2.880263770086616271e-01
2.877002890968714532e-01
2.873748023824806430e-01
2.870499152676412313e-01
2.867256259992777556e-01
2.864019316684354721e-01
2.860788323811961908e-01
2.857563266488792331e-01
2.854344129618209824e-01
2.851130885497537570e-01
2.847923527472410732e-01
2.844722044806782257e-01
2.841526423009478886e-01
2.838336646670160945e-01
2.835152690817985266e-01
2.831974547414790044e-01
2.828802205668594083e-01
2.825635651166466533e-01
2.822474869200611303e-01
2.819319844851992940e-01
2.816170555208623583e-01
2.813026991590129033e-01
2.809889143117698107e-01
2.806756994917297132e-01
2.803630533156015181e-01
2.800509743071430413e-01
2.797394610932871784e-01
2.794285122285026235e-01
2.791181254982743054e-01
2.788083003166687557e-01
2.784990353172706046e-01
2.781903290697943509e-01
2.778821802384716655e-01
2.775745874005397518e-01
2.772675491681225179e-01
2.769610641916965266e-01
2.766551310920157825e-01
2.763497484903337242e-01
2.760449150106790706e-01
2.757406293367715699e-01
2.754368900905176387e-01
2.751336959343462230e-01
2.748310454903469813e-01
2.745289374779538716e-01
2.742273705255535710e-01
2.739263432390388053e-01
2.736258544172155416e-01
2.733259027322118562e-01
2.730264868615719931e-01
2.727276054979124176e-01
2.724292572395238810e-01
2.721314408550157271e-01
2.718341550387202155e-01
2.715373985126228185e-01
2.712411699803613518e-01
2.709454681616758620e-01
2.706502917882765424e-01
2.703556395742988672e-01
2.700615102591881755e-01
2.697679025833834565e-01
2.694748152760220727e-01
2.691822470919074117e-01
2.688901967817481919e-01
2.685986630900487060e-01
2.683076447848444790e-01
2.680171406295139280e-01
2.677271493511231282e-01
2.674376689202241919e-01
2.671486989126646283e-01
2.668602380986583866e-01
2.665722852700332934e-01
2.662848392209589132e-01
2.659978987340906320e-01
2.657114626110462230e-01
2.654255296606297665e-01
2.651400975761881162e-01
2.648551661229808785e-01
2.645707342279264851e-01
2.642868007126991658e-01
2.640033643909824312e-01
2.637204240938151867e-01
2.634379777102162090e-01
2.631560244619232103e-01
2.628745636993478074e-01
2.625935942710582727e-01
2.623131150296327818e-01
2.620331242682542583e-01
2.617536202336749884e-01
2.614746029079680345e-01
2.611960711813507419e-01
2.609180238781961814e-01
2.606404586793008571e-01
2.603633749521161445e-01
2.600867722783857805e-01
2.598106495011369144e-01
2.595350047647269620e-01
2.592598364129483635e-01
2.589851445881733993e-01
2.587109282152176282e-01
2.584371852668336800e-01
2.581639142563153522e-01
2.578911153974300374e-01
2.576187875638204505e-01
2.573469279099451223e-01
2.570755365415006710e-01
2.568046129277045675e-01
2.565341553219196435e-01
2.562641615123829042e-01
2.559946322640788141e-01
2.557255664763671277e-01
2.554569604783390457e-01
2.551888157938631552e-01
2.549211313964203640e-01
2.546539038523099041e-01
2.543871340811951764e-01
2.541208214634173013e-01
2.538549624304589636e-01
2.535895580157233598e-01
2.533246076289001891e-01
2.530601072375306959e-01
2.527960587306447016e-01
2.525324604978188003e-01
2.522693096567334425e-01
2.520066076469901217e-01
2.517443518729521323e-01
2.514825413221769002e-01
2.512211765640359196e-01
2.509602536418847341e-01
2.506997741723624440e-01
2.504397362271624239e-01
2.501801379210448206e-01
2.499209804189362616e-01
2.496622595241121678e-01
2.494039771243259651e-01
2.491461307511764756e-01
2.488887193988723601e-01
2.486317433594486259e-01
2.483751990947556110e-01
2.481190887359605302e-01
2.478634080511846194e-01
2.476081588621092677e-01
2.473533382508207867e-01
2.470989462479620258e-01
2.468449816401866170e-01
2.465914429588484114e-01
2.463383303121195189e-01
2.460856410236796632e-01
2.458333763222612101e-01
2.455815326151259692e-01
2.453301118698069661e-01
2.450791098906153209e-01
2.448285291385569884e-01
2.445783650599586967e-01
2.443286203645088361e-01
2.440792904532015639e-01
2.438303779037027108e-01
2.435818783839209523e-01
2.433337940955382639e-01
2.430861212397577020e-01
2.428388613532768692e-01
2.425920114364912838e-01
2.423455721181262956e-01
2.420995415088752489e-01
2.418539189500766573e-01
2.416087039734320374e-01
2.413638943906842860e-01
2.411194914192611727e-01
2.408754910538796201e-01
2.406318957998735408e-01
2.403887016027572987e-01
2.401459099408035647e-01
2.399035187491618260e-01
2.396615269818050120e-01
2.394199352534964187e-01
2.391787397085308187e-01
2.389379426938054995e-01
2.386975409560214423e-01
2.384575346667864304e-01
2.382179236049354887e-01
2.379787044279342845e-01
2.377398791657698573e-01
2.375014449282322193e-01
2.372634013691839183e-01
2.370257489846110122e-01
2.367884837769239359e-01
2.365516077384060278e-01
2.363151194088325413e-01
2.360790161969469336e-01
2.358432996633248180e-01
2.356079675262626183e-01
2.353730185526347052e-01
2.351384535862043046e-01
2.349042700537789241e-01
2.346704674273238644e-01
2.344370461621490542e-01
2.342040036503166556e-01
2.339713395559330500e-01
2.337390542296025886e-01
2.335071453083149007e-01
2.332756120177794379e-01
2.330444548765780721e-01
2.328136721601898051e-01
2.325832620298273756e-01
2.323532254539477371e-01
2.321235615977270683e-01
2.318942670280033924e-01
2.316653434874035022e-01
2.314367901064854904e-01
2.312086047620532658e-01
2.309807867139389015e-01
2.307533363575107743e-01
2.305262528089584428e-01
2.302995331512894539e-01
2.300731784143004444e-01
2.298471880014491819e-01
2.296215609772067623e-01
2.293962945267543074e-01
2.291713899484593697e-01
2.289468464405308157e-01
2.287226631844510583e-01
2.284988372145239088e-01
2.282753698837228507e-01
2.280522604084979088e-01
2.278295079318660432e-01
2.276071102595226270e-01
2.273850674393210203e-01
2.271633792233133109e-01
2.269420448649255295e-01
2.267210633747999970e-01
2.265004324337900887e-01
2.262801529408891010e-01
2.260602241283720670e-01
2.258406452400082420e-01
2.256214153372868292e-01
2.254025321836280182e-01
2.251839965775463692e-01
2.249658077952162161e-01
2.247479650157697684e-01
2.245304675084412727e-01
2.243133136250745618e-01
2.240965027783297370e-01
2.238800348863467793e-01
2.236639092274406160e-01
2.234481249878000342e-01
2.232326814592234809e-01
2.230175774161059776e-01
2.228028116641616319e-01
2.225883843383147653e-01
2.223742947428214434e-01
2.221605420878297321e-01
2.219471256691703809e-01
2.217340447149886151e-01
2.215212983950104741e-01
2.213088850438550970e-01
2.210968049520375678e-01
2.208850574326200189e-01
2.206736417425724239e-01
2.204625571226559722e-01
2.202518028859561106e-01
2.200413782720161693e-01
2.198312826066645409e-01
2.196215150965561413e-01
2.194120742217745001e-01
2.192029601754166002e-01
2.189941722114958633e-01
2.187857095900682114e-01
2.185775716646718991e-01
2.183697576983819610e-01
2.181622669542091497e-01
2.179550987918402460e-01
2.177482524845186507e-01
2.175417272998299845e-01
2.173355226022022357e-01
2.171296376745218137e-01
2.169240718134453627e-01
2.167188240552853640e-01
2.165138938343595110e-01
2.163092806479759433e-01
2.161049838013914537e-01
2.159010026627642131e-01
2.156973365164450707e-01
2.154939847000639508e-01
2.152909465375798248e-01
2.150882213203256232e-01
2.148858084427407444e-01
2.146837072065138075e-01
2.144819169359457878e-01
2.142804369614442761e-01
2.140792666570133784e-01
2.138784053359317761e-01
2.136778523554555276e-01
2.134776070430593475e-01
2.132776687544409577e-01
2.130780368174337858e-01
2.128787106148950781e-01
2.126796894940836125e-01
2.124809727989875330e-01
2.122825598812830283e-01
2.120844501151745443e-01
2.118866428420550230e-01
2.116891374148335836e-01
2.114919332422931231e-01
2.112950296558116503e-01
2.110984260428572235e-01
2.109021217543697313e-01
2.107061161751533074e-01
2.105104086774394756e-01
2.103149986256596937e-01
2.101198854170879815e-01
2.099250680302050809e-01
2.097305461105757884e-01
2.095363191155481253e-01
2.093423864731777939e-01
2.091487475617725134e-01
2.089554017500150351e-01
2.087623484506234139e-01
2.085695870383674488e-01
2.083771169188409211e-01
2.081849374871208580e-01
2.079930481323885583e-01
2.078014482718361644e-01
2.076101372863129457e-01
2.074191146023557364e-01
2.072283788853225284e-01
2.070379300985612792e-01
2.068477677933705794e-01
2.066578913834995757e-01
2.064683002870133788e-01
2.062789939062775746e-01
2.060899716754019395e-01
2.059012329915728690e-01
2.057127772978014080e-01
2.055246036345547145e-01
2.053367110197812928e-01
2.051490996162738667e-01
2.049617688699330031e-01
2.047747181937987215e-01
2.045879470306097847e-01
2.044014548043508461e-01
2.042152409531748369e-01
2.040293040705820904e-01
2.038436439151580237e-01
2.036582604228589499e-01
2.034731530492545903e-01
2.032883212001290463e-01
2.031037643305640128e-01
2.029194819012919426e-01
2.027354719022453899e-01
2.025517351370894059e-01
2.023682711166411297e-01
2.021850793350973563e-01
2.020021591809375294e-01
2.018195101514433376e-01
2.016371300741473527e-01
2.014550199466728642e-01
2.012731792789305696e-01
2.010916075713311268e-01
2.009103042275579010e-01
2.007292678711938838e-01
2.005484978797104356e-01
2.003679946579003945e-01
2.001877577009737452e-01
2.000077864281591955e-01
1.998280795730792703e-01
1.996486361791938724e-01
1.994694569296173170e-01
1.992905412348060235e-01
1.991118886212320249e-01
1.989334972454566697e-01
1.987553671472323813e-01
1.985774985053132546e-01
1.983998908531842131e-01
1.982225433984500240e-01
1.980454539933244051e-01
1.978686239823211346e-01
1.976920528824679391e-01
1.975157402211105695e-01
1.973396835138579442e-01
1.971638838068651145e-01
1.969883409596675239e-01
1.968130545209241800e-01
1.966380221568540532e-01
1.964632445118565385e-01
1.962887217460231315e-01
1.961144533122058387e-01
1.959404367499745503e-01
1.957666730555276957e-01
1.955931622106692747e-01
1.954199036946414891e-01
1.952468945261053579e-01
1.950741367098094980e-01
1.949016298041003625e-01
1.947293723396059661e-01
1.945573630426517542e-01
1.943856032042533266e-01
1.942140922815291382e-01
1.940428275621269572e-01
1.938718103293783357e-01
1.937010405554020209e-01
1.935305167593009412e-01
1.933602376831193570e-01
1.931902046631812364e-01
1.930204171563983384e-01
1.928508718894396123e-01
1.926815712884545062e-01
1.925125148230631966e-01
1.923436997104172319e-01
1.921751271468748745e-01
1.920067973538541473e-01
1.918387079469338896e-01
1.916708591503525627e-01
1.915032517331213269e-01
1.913358835804995495e-01
1.911687543244389165e-01
1.910018650221111114e-01
1.908352137076089194e-01
1.906687997314593652e-01
1.905026243927699092e-01
1.903366854650799800e-01
1.901709826424211602e-01
1.900055170504763580e-01
1.898402861977494804e-01
1.896752903389305744e-01
1.895105304109658828e-01
1.893460032603155596e-01
1.891817103095871089e-01
1.890176519009226785e-01
1.888538242137889345e-01
1.886902300763526885e-01
1.885268683681691482e-01
1.883637366517789680e-01
1.882008372676677588e-01
1.880381679330998534e-01
1.878757282736196743e-01
1.877135196914999360e-01
1.875515384875422464e-01
1.873897869575326114e-01
1.872282642498719063e-01
1.870669679793419693e-01
1.869059006113844290e-01
1.867450591018696426e-01
1.865844443851553958e-01
1.864240567381900970e-01
1.862638928815074368e-01
1.861039558084035539e-01
1.859442425228045037e-01
1.857847537354555545e-01
1.856254897711885066e-01
1.854664475093032727e-01
1.853076299356678780e-01
1.851490336154957839e-01
1.849906600110932942e-01
1.848325084696316178e-01
1.846745771868945896e-01
1.845168684650412283e-01
1.843593779146099065e-01
1.842021089870815032e-01
1.840450587708852281e-01
1.838882279126552444e-01
1.837316163060951635e-01
1.835752218367268374e-01
1.834190470579774856e-01
1.832630873404592076e-01
1.831073465458558647e-01
1.829518209970977249e-01
1.827965124936545838e-01
1.826414194243725919e-01
1.824865415655300693e-01
1.823318792973656621e-01
1.821774304301138070e-01
1.820231972140906318e-01
1.818691757271516662e-01
1.817153696112563943e-01
1.815617741366012394e-01
1.814083930106001885e-01
1.812552224045687332e-01
1.811022646444886419e-01
1.809495171814569647e-01
1.807969812147844080e-01
1.806446552637681613e-01
1.804925394882083978e-01
1.803406333741898182e-01
1.801889362054203969e-01
1.800374482595128445e-01
1.798861681677276225e-01
1.797350967617970807e-01
1.795842321513517470e-01
1.794335756319064834e-01
1.792831249930538773e-01
1.791328817506840088e-01
1.789828435288818853e-01
1.788330119028724019e-01
1.786833845553659483e-01
1.785339630023161095e-01
1.783847450183988215e-01
1.782357318976039440e-01
1.780869217484292721e-01
1.779383154547297119e-01
1.777899116504701449e-01
1.776417106409988178e-01
1.774937116650731617e-01
1.773459143448635478e-01
1.771983187274237537e-01
1.770509235288150740e-01
1.769037297432404510e-01
1.767567351039826262e-01
1.766099417446113373e-01
1.764633461242407220e-01
1.763169516876995913e-01
1.761707535294633475e-01
1.760247558467749884e-01
1.758789543545124512e-01
1.757333518030214092e-01
1.755879455816095891e-01
1.754427366835137059e-01
1.752977243094970550e-01
1.751529075403781555e-01
1.750082875801028670e-01
1.748638614162214000e-01
1.747196322286445058e-01
1.745755954050251524e-01
1.744317545797918756e-01
1.742881066102704712e-01
1.741446526444874465e-01
1.740013921010862830e-01
1.738583235305593278e-01
1.737154490817189589e-01
1.735727644332314967e-01
1.734302733421952125e-01
1.732879724582302994e-01
1.731458630835112089e-01
1.730039447964618893e-01
1.728622156898436957e-01
1.727206782733678447e-01
1.725793283275090795e-01
1.724381689960081399e-01
1.722971982193576002e-01
1.721564155505521387e-01
1.720158225900229321e-01
1.718754151450138656e-01
1.717351968251829841e-01
1.715951650276967833e-01
1.714553198062647998e-01
1.713156624728492394e-01
1.711761889382422963e-01
1.710369027178939294e-01
1.708978014853660965e-01
1.707588848433318207e-01
1.706201544443023965e-01
1.704816063157659767e-01
1.703432434003540330e-01
1.702050644337759489e-01
1.700670676224525502e-01
1.699292552797281586e-01
1.697916244624795012e-01
1.696541761675996740e-01
1.695169113066013478e-01
1.693798256926370982e-01
1.692429227956996907e-01
1.691062011693202083e-01
1.689696589172139385e-01
1.688332983446855229e-01
1.686971170819960841e-01
1.685611151335400792e-01
1.684252938251506737e-01
1.682896500278807661e-01
1.681541853291825539e-01
1.680189002484963334e-01
1.678837910859709848e-01
1.677488606295942375e-01
1.676141085032560596e-01
1.674795313584366008e-01
1.673451321419187621e-01
1.672109099170772661e-01
1.670768620438382035e-01
1.669429910968411868e-01
1.668092959797243813e-01
1.666757744552618270e-01
1.665424288363053229e-01
1.664092580484702044e-01
1.662762598824226723e-01
1.661434366534603468e-01
1.660107874305275233e-01
1.658783097368420889e-01
1.657460060254868917e-01
1.656138756388765843e-01
1.654819155350969462e-01
1.653501284147902428e-01
1.652185139455395468e-01
1.650870687644259427e-01
1.649557954161943729e-01
1.648246937300434645e-01
1.646937610632559501e-01
1.645629986039264248e-01
1.644324068759053792e-01
1.643019840900124262e-01
1.641717297336458825e-01
1.640416451591241997e-01
1.639117295611394465e-01
1.637819805088490677e-01
1.636524003178263797e-01
1.635229886198220906e-01
1.633937427847497736e-01
1.632646641641666008e-01
1.631357531293144147e-01
1.630070084283632703e-01
1.628784286620261479e-01
1.627500155556771688e-01
1.626217687969321868e-01
1.624936857590225936e-01
1.623657678629927270e-01
1.622380153949163351e-01
1.621104274453170069e-01
1.619830020857191688e-01
1.618557412192326572e-01
1.617286445641680781e-01
1.616017103129187005e-01
1.614749384067847571e-01
1.613483297861336707e-01
1.612218841722725671e-01
1.610955991284571398e-01
1.609694759274267473e-01
1.608435148160730355e-01
1.607177155186703399e-01
1.605920752615178915e-01
1.604665960358894194e-01
1.603412777395203936e-01
1.602161200744352809e-01
1.600911201739387557e-01
1.599662802909048442e-01
1.598416001651157825e-01
1.597170795268507693e-01
1.595927156050914453e-01
1.594685104573682899e-01
1.593444639317289913e-01
1.592205756853188880e-01
1.590968434597317127e-01
1.589732685109751797e-01
1.588498509845283624e-01
1.587265906163623785e-01
1.586034858487294086e-01
1.584805365317559778e-01
1.583577435245913101e-01
1.582351065660897171e-01
1.581126249860621835e-01
1.579902968543418773e-01
1.578681239306794770e-01
1.577461058806411409e-01
1.576242424466073044e-01
1.575025319855320183e-01
1.573809746772354967e-01
1.572595711553597397e-01
1.571383211651210809e-01
1.570172243762270603e-01
1.568962785222335621e-01
1.567754851678207495e-01
1.566548442207356118e-01
1.565343554296030337e-01
1.564140182969056825e-01
1.562938308176833047e-01
1.561737946323327464e-01
1.560539094921001568e-01
1.559341751489844441e-01
1.558145911752036039e-01
1.556951555126777909e-01
1.555758697951367397e-01
1.554567337771662339e-01
1.553377472141034277e-01
1.552189097857001321e-01
1.551002196617785045e-01
1.549816777932542522e-01
1.548632842951896682e-01
1.547450389262240433e-01
1.546269413693285855e-01
1.545089907277568120e-01
1.543911861707872035e-01
1.542735286968094366e-01
1.541560179914207018e-01
1.540386538424777241e-01
1.539214359368861196e-01
1.538043628732433943e-01
1.536874349566526299e-01
1.535706525148644308e-01
1.534540153389944428e-01
1.533375231190228782e-01
1.532211756473142172e-01
1.531049715200401840e-01
1.529889110204749048e-01
1.528729944610248692e-01
1.527572216365257196e-01
1.526415922407169390e-01
1.525261060696681548e-01
1.524107623432283121e-01
1.522955601969733508e-01
1.521805004783471083e-01
1.520655829858594266e-01
1.519508074169138301e-01
1.518361735712374927e-01
1.517216811474416949e-01
1.516073291141334378e-01
1.514931173260614106e-01
1.513790462770411849e-01
1.512651156680449305e-01
1.511513253024733272e-01
1.510376748829542759e-01
1.509241642141727902e-01
1.508107925428975871e-01
1.506975591799406267e-01
1.505844647955849325e-01
1.504715091968022445e-01
1.503586920892482082e-01
1.502460132810793103e-01
1.501334725045516960e-01
1.500210694926015498e-01
1.499088033948820786e-01
1.497966739469406006e-01
1.496846816069778152e-01
1.495728260846784785e-01
1.494611071921608525e-01
1.493495246402040122e-01
1.492380782420859309e-01
1.491267677351491572e-01
1.490155928573852206e-01
1.489045523181900810e-01
1.487936468766472287e-01
1.486828764226811872e-01
1.485722406716938337e-01
1.484617394420183201e-01
1.483513724749447593e-01
1.482411395123824915e-01
1.481310403731685432e-01
1.480210747747738864e-01
1.479112421568057611e-01
1.478015419852123924e-01
1.476919746767750286e-01
1.475825400530122733e-01
1.474732378340411210e-01
1.473640678424990025e-01
1.472550298250086265e-01
1.471461235287857827e-01
1.470373487780038402e-01
1.469287052955412509e-01
1.468201929089714697e-01
1.467118110609694770e-01
1.466035592302841195e-01
1.464954378360143750e-01
1.463874466290427112e-01
1.462795853608198637e-01
1.461718538597698014e-01
1.460642518783067390e-01
1.459567791694018901e-01
1.458494355629693928e-01
1.457422207874258524e-01
1.456351346737596308e-01
1.455281769776156919e-01
1.454213474577373544e-01
1.453146459471015839e-01
1.452080715067391448e-01
1.451016245902464474e-01
1.449953050440331848e-01
1.448891126260392626e-01
1.447830470947250869e-01
1.446771082856012636e-01
1.445712959580377210e-01
1.444656098719140080e-01
1.443600498649464381e-01
1.442546157022165376e-01
1.441493071713403351e-01
1.440441240342787976e-01
1.439390661299529139e-01
1.438341332212078327e-01
1.437293250713748693e-01
1.436246415207783900e-01
1.435200823336212905e-01
1.434156472745829469e-01
1.433113358621338207e-01
1.432071480632254312e-01
1.431030838115787962e-01
1.429991428738585091e-01
1.428953250937085862e-01
1.427916302386389169e-01
