8.276912180952342624e+02
1.563931617810004536e+04
2.141247056325826270e+04
2.548333407730596809e+04
2.849465072937901277e+04
3.085716013537407343e+04
3.287704267992870882e+04
3.455687744348438719e+04
3.597165288098969177e+04
3.718744104560179403e+04
3.825817741982822918e+04
3.922755255567852873e+04
4.013078888566077512e+04
4.099625373284854140e+04
4.184685750980605371e+04
4.270122026600864774e+04
4.357461946302406432e+04
4.447974789979687921e+04
4.542731275430657843e+04
4.642650758089881856e+04
4.748538354736656765e+04
4.861114183464254893e+04
4.981036728610376304e+04
5.108921606256839004e+04
5.245356936199565098e+04
5.390916089388380351e+04
5.546168446111655794e+04
5.711688600389783824e+04
5.888064052362417715e+04
6.075901818166205339e+04
6.275833504018346866e+04
6.488519212697510375e+04
6.714649760552441876e+04
6.954947190690886055e+04
7.210163526152560371e+04
7.481077291001284902e+04
7.768488046597996436e+04
8.073208548688683368e+04
8.396054966614492878e+04
8.737834775823474047e+04
9.099333159296966915e+04
9.481297875552168989e+04
9.884422896207934537e+04
1.030933205260521499e+05
1.075656241867346107e+05
1.122654860134917981e+05
1.171960838855449547e+05
1.223593026580346777e+05
1.277556328637954721e+05
1.333840995874799264e+05
1.392422209731291223e+05
1.453259992897617340e+05
1.516299483059812628e+05
1.581471476135262346e+05
1.648693350841181236e+05
1.717870179176453385e+05
1.788896156030618004e+05
1.861656132891330053e+05
1.936027340545894986e+05
2.011881177141517692e+05
2.089084986010658031e+05
2.167503891666495183e+05
2.247002452853760915e+05
2.327446314955392154e+05
2.408703658042856259e+05
2.490646518481552193e+05
2.573151875797196408e+05
2.656102612273010891e+05
2.739388301247619092e+05
2.822905661551189842e+05
2.906559093750868924e+05
2.990260757424760959e+05
3.073930764984377311e+05
3.157497098573567346e+05
3.240895455241448362e+05
3.324069000922910054e+05
3.406968050808790722e+05
3.489549753190706251e+05
3.571777595908232615e+05
3.653621039077191381e+05
3.735055045334212482e+05
3.816059613494752557e+05
3.896619361903932295e+05
3.976723029075671802e+05
4.056363153372064698e+05
4.135535564504972426e+05
4.214239068956023548e+05
4.292475090868591215e+05
4.370247320554041653e+05
4.447561417268203804e+05
4.524424803203237243e+05
4.600846257509915158e+05
4.676835882302544196e+05
4.752404706839017454e+05
4.827564652572472114e+05
4.902328313496783376e+05
4.976708790762810968e+05
5.050719615233442164e+05
5.124374565962327179e+05
5.197687682194651570e+05
5.270673036945913918e+05
5.343344776736937929e+05
5.415717023113815812e+05
5.487803811931097880e+05
5.559619047191546997e+05
5.631176455742937978e+05
5.702489579553916119e+05
5.773571747915196465e+05
5.844436047326236730e+05
5.915095263858960243e+05
5.985561939596070442e+05
6.055848349044664064e+05
6.125966465742812725e+05
6.195927959143745247e+05
6.265744193807166303e+05
6.335426230088229058e+05
6.404984906580467941e+05
6.474430653702392010e+05
6.543773747075767023e+05
6.613024043598094722e+05
6.682191195467790822e+05
6.751284576221965253e+05
6.820313287452947116e+05
6.889286165945144603e+05
6.958211790852628183e+05
7.027098491369774565e+05
7.095954353950080695e+05
7.164787230076245032e+05
7.233604796837694012e+05
7.302414448537684511e+05
7.371223346260742983e+05
7.440038596142624738e+05
7.508866877180120209e+05
7.577714917853070656e+05
7.646589037100990536e+05
7.715495585100161843e+05
7.784440572725804523e+05
7.853429910952034406e+05
7.922469433147384552e+05
7.991564661566053983e+05
8.060721054903879995e+05
8.129943961907866178e+05
8.199238556684608338e+05
8.268609849147583591e+05
8.338062756091334159e+05
8.407602071049048100e+05
8.477232473876334261e+05
8.546958555660998682e+05
8.616784728058510227e+05
8.686715335730512161e+05
8.756754621167500736e+05
8.826906728414024692e+05
8.897175706670517102e+05
8.967565513648360502e+05
9.038080018963547191e+05
9.108723007190655917e+05
9.179498180992581183e+05
9.250409163945671171e+05
9.321459503348385915e+05
9.392652672863054322e+05
9.463992075173256453e+05
9.535481049589088652e+05
9.607122861058192793e+05
9.678920710355542833e+05
9.750877739631048171e+05
9.822997031201174250e+05
9.895281609727764735e+05
9.967734443853721023e+05
1.004035844832119998e+06
1.011315648542513954e+06
1.018613136698561371e+06
1.025928585568880429e+06
1.033262266682205955e+06
1.040614446966133779e+06
1.047985388891328825e+06
1.055375350607891800e+06
1.062784586076224456e+06
1.070213345192032168e+06
1.077661873906969791e+06
1.085130414344038581e+06
1.092619204908373533e+06
1.100128480396095896e+06
1.107658472089363728e+06
1.115209407862039050e+06
1.122781512274114415e+06
1.130375006654889090e+06
1.137990109199641971e+06
1.145627035044063814e+06
1.153285998364846455e+06
1.160967208271740936e+06
1.168670869645183673e+06
1.176397186195366783e+06
1.184146358937656973e+06
1.191918586277763825e+06
1.199714064065324841e+06
1.207532985658559715e+06
1.215375541980166920e+06
1.223241924939702498e+06
1.231132320628226502e+06
1.239046910169624025e+06
1.246985875307008158e+06
1.254949395621990785e+06
1.262937648571042111e+06
1.270950811504393118e+06
1.278989062543597771e+06
1.287052566737758229e+06
1.295141493492051959e+06
1.303256010311486898e+06
1.311396284401090816e+06
1.319562487071334384e+06
1.327754771683099214e+06
1.335973298460507998e+06
1.344218225887569366e+06
1.352489720564179821e+06
1.360787930832864717e+06
1.369113007622645935e+06
1.377465102793703089e+06
1.385844379583716625e+06
1.394250975428087637e+06
1.402685036335562123e+06
1.411146714139800286e+06
1.419636156721757725e+06
1.428153497483800864e+06
1.436698880166439572e+06
1.445272457168963272e+06
1.453874352536968188e+06
1.462504705374024110e+06
1.471163666318765376e+06
1.479851353438111255e+06
1.488567904840718256e+06
1.497313462725037476e+06
1.506088142744353274e+06
1.514892085788011551e+06
1.523725418597799959e+06
1.532588258117413381e+06
1.541480751964308321e+06
1.550403004035136895e+06
1.559355148097560275e+06
1.568337307610112941e+06
1.577349593395421281e+06
1.586392145948062884e+06
1.595465061129541835e+06
1.604568477949832799e+06
1.613702497091173893e+06
1.622867244708270766e+06
1.632062831095593981e+06
1.641289369907025481e+06
1.650546978240011958e+06
1.659835760189540917e+06
1.669155836755018914e+06
1.678507305487468373e+06
1.687890288340678904e+06
1.697304879377387231e+06
1.706751198480027495e+06
1.716229339382388396e+06
1.725739416769517353e+06
1.735281527274859836e+06
1.744855777198492084e+06
1.754462269363781903e+06
1.764101098429303151e+06
1.773772376755526289e+06
1.783476184064734029e+06
1.793212645643234020e+06
1.802981830690905452e+06
1.812783857529459521e+06
1.822618808056106558e+06
1.832486779468715191e+06
1.842387874560540775e+06
1.852322167596251238e+06
1.862289776053674519e+06
1.872290769418734591e+06
1.882325244496369734e+06
1.892393299971798435e+06
1.902495006255879067e+06
1.912630470799604664e+06
1.922799769496358000e+06
1.933002980696021346e+06
1.943240216295240214e+06
1.953511535378776724e+06
1.963817025161856320e+06
1.974156787512487266e+06
1.984530882302128943e+06
1.994939396333630895e+06
2.005382425830956548e+06
2.015860030256447382e+06
2.026372292298927903e+06
2.036919308850725880e+06
2.047501135883316863e+06
2.058117850412391592e+06
2.068769551664511440e+06
2.079456293754792772e+06
2.090178149859748082e+06
2.100935208124563564e+06
2.111727537566369399e+06
2.122555200932850596e+06
2.133418272006132174e+06
2.144316841363381594e+06
2.155250958058092277e+06
2.166220691817789804e+06
2.177226120645974297e+06
2.188267317492787726e+06
2.199344336330238264e+06
2.210457244124278892e+06
2.221606118436246179e+06
2.232791024090023711e+06
2.244012015365913976e+06
2.255269156510351226e+06
2.266562519891048316e+06
2.277892171907827258e+06
2.289258162400631700e+06
2.300660552949436009e+06
2.312099405981834512e+06
2.323574799198025838e+06
2.335086773226945661e+06
2.346635387053505052e+06
2.358220699012533296e+06
2.369842775917734951e+06
2.381501676370418165e+06
2.393197446177000646e+06
2.404930141139665619e+06
2.416699816469010897e+06
2.428506537184565794e+06
2.440350355487117078e+06
2.452231316093945410e+06
2.464149471781499218e+06
2.476104874734614976e+06
2.488097581942933146e+06
2.500127651889014523e+06
2.512195122011884581e+06
2.524300042157820426e+06
2.536442461558275390e+06
2.548622428841460962e+06
2.560840003950124141e+06
2.573095228313208092e+06
2.585388143073322717e+06
2.597718794616798405e+06
2.610087228730163537e+06
2.622493490690730512e+06
2.634937636112513952e+06
2.647419704328753985e+06
2.659939732827182859e+06
2.672497764681645203e+06
2.685093842434250750e+06
2.697728008059701417e+06
2.710400305813525338e+06
2.723110787414405495e+06
2.735859479656002484e+06
2.748646422423460521e+06
2.761471655079225078e+06
2.774335216412908863e+06
2.787237144778222311e+06
2.800177481824416202e+06
2.813156273152981419e+06
2.826173543447281234e+06
2.839229329005671665e+06
2.852323665638884995e+06
2.865456588666902855e+06
2.878628132920218166e+06
2.891838332709413953e+06
2.905087235155402683e+06
2.918374862721121404e+06
2.931701245990796480e+06
2.945066417363258079e+06
2.958470408773674164e+06
2.971913251669819001e+06
2.985394977086600848e+06
2.998915616095829755e+06
3.012475213202633895e+06
3.026073783149160910e+06
3.039711355093023740e+06
3.053387957760485820e+06
3.067103619435472414e+06
3.080858367960258853e+06
3.094652230709268712e+06
3.108485234597323462e+06
3.122357419644420501e+06
3.136268800638254732e+06
3.150219401161263231e+06
3.164209246413013898e+06
3.178238361185730435e+06
3.192306769828835037e+06
3.206414496339533478e+06
3.220561564245368354e+06
3.234748004062954336e+06
3.248973839802104514e+06
3.263239085206319578e+06
3.277543762193861883e+06
3.291887892273458187e+06
3.306271496597425546e+06
3.320694595838396344e+06
3.335157210297136568e+06
3.349659359909127466e+06
3.364201080401652027e+06
3.378782375378992874e+06
3.393403263174691703e+06
3.408063762154745869e+06
3.422763890329787973e+06
3.437503665321929846e+06
3.452283104397488292e+06
3.467102224452755414e+06
3.481961051686749328e+06
3.496859600804589689e+06
3.511797879633293021e+06
3.526775903586202767e+06
3.541793687786701135e+06
3.556851246931978967e+06
3.571948595477712341e+06
3.587085747436264530e+06
3.602262722432782408e+06
3.617479540966260247e+06
3.632736203152284957e+06
3.648032721705670003e+06
3.663369108944159467e+06
3.678745376883039251e+06
3.694161537170831114e+06
3.709617601124397945e+06
3.725113587414035108e+06
3.740649512043982744e+06
3.756225372706959024e+06
3.771841179457182530e+06
3.787496942003884353e+06
3.803192669763520826e+06
3.818928371773266234e+06
3.834704056807008572e+06
3.850519750886714552e+06
3.866375449858515989e+06
3.882271156811473891e+06
3.898206879259375855e+06
3.914182624451442156e+06
3.930198399382834323e+06
3.946254210665289313e+06
3.962350078306080773e+06
3.978486005885265302e+06
3.994661988538653590e+06
4.010878031833401881e+06
4.027134140927493572e+06
4.043430320809848607e+06
4.059766576072546188e+06
4.076142929746335838e+06
4.092559375695289578e+06
4.109015909873543773e+06
4.125512535909256432e+06
4.142049257041347679e+06
4.158626076309608761e+06
4.175243002166537102e+06
4.191900054738079663e+06
4.208597213415189646e+06
4.225334480238448828e+06
4.242111856949690729e+06
4.258929345005519688e+06
4.275786946522083133e+06
4.292684691974218935e+06
4.309622552172276191e+06
4.326600527580230497e+06
4.343618618429330178e+06
4.360676824720215052e+06
4.377775151756122708e+06
4.394913621846422553e+06
4.412092206444513984e+06
4.429310904549432918e+06
4.446569714927078225e+06
4.463868636121449992e+06
4.481207687629493885e+06
4.498586862024725415e+06
4.516006142190229148e+06
4.533465525760602206e+06
4.550965010125137866e+06
4.568504602411261760e+06
4.586084318915942684e+06
4.603704127713028342e+06
4.621364025405597873e+06
4.639064008262934163e+06
4.656804079247725196e+06
4.674584262517997064e+06
4.692404519339147024e+06
4.710264845231864601e+06
4.728165235357420519e+06
4.746105697400092147e+06
4.764086245736300014e+06
4.782106843608827330e+06
4.800167485468090512e+06
4.818268165653801523e+06
4.836408906459887512e+06
4.854589692839934491e+06
4.872810499802732840e+06
4.891071320799805224e+06
4.909372153751858510e+06
4.927713032504792325e+06
4.946093905339576304e+06
4.964514764937405474e+06
4.982975603896933608e+06
5.001476454071947373e+06
5.020017281935098581e+06
5.038598066385672428e+06
5.057218799176052213e+06
5.075879502810399979e+06
5.094580163022888824e+06
5.113320746781140566e+06
5.132101245074221864e+06
5.150921678108498454e+06
5.169782037145737559e+06
5.188682283872267231e+06
5.207622408664019778e+06
5.226602436809790321e+06
5.245622350055619143e+06
5.264682112468889914e+06
5.283781713647915050e+06
5.302921192208166234e+06
5.322100504627546296e+06
5.341319625079587102e+06
5.360578546823230572e+06
5.379877317616562359e+06
5.399215864172017202e+06
5.418594175002607517e+06
5.438012270999509841e+06
5.457470146232654341e+06
5.476967751622398384e+06
5.496505075204877183e+06
5.516082174995673820e+06
5.535698972383955494e+06
5.555355452200437896e+06
5.575051643109805882e+06
5.594787526125779375e+06
5.614563054298862815e+06
5.634378231507799588e+06
5.654233089757245965e+06
5.674127554716699757e+06
5.694061612834821455e+06
5.714035329330758192e+06
5.734048615962802432e+06
5.754101455727323890e+06
5.774193900947174989e+06
5.794325890552578494e+06
5.814497392037687823e+06
5.834708449860391207e+06
5.854959020150281489e+06
5.875249059760808945e+06
5.895578610751240514e+06
5.915947636020196602e+06
5.936356087092678063e+06
5.956804008938146755e+06
5.977291360346944071e+06
5.997818092812571675e+06
6.018384260245235637e+06
6.038989805528077297e+06
6.059634686055974104e+06
6.080318970596708357e+06
6.101042574274061248e+06
6.121805469933295622e+06
6.142607736485256813e+06
6.163449260047132149e+06
6.184330052388264798e+06
6.205250145929477178e+06
6.226209447967903689e+06
6.247208001204875298e+06
6.268245778363313526e+06
6.289322714275812730e+06
6.310438889645921998e+06
6.331594203868584707e+06
6.352788654897416942e+06
6.374022282422862016e+06
6.395294984363269061e+06
6.416606820676281117e+06
6.437957736207361333e+06
6.459347687988647260e+06
6.480776750213779509e+06
6.502244799842249602e+06
6.523751893465735950e+06
6.545297987006837502e+06
6.566883031374935061e+06
6.588507099937591702e+06
6.610170066367210820e+06
6.631872001996481791e+06
6.653612837813497521e+06
6.675392555204944685e+06
6.697211189775069244e+06
6.719068630250368267e+06
6.740964982525087893e+06
6.762900113513220102e+06
6.784874074482119642e+06
6.806886823575084098e+06
6.828938323137582280e+06
6.851028617270745337e+06
6.873157584817003459e+06
6.895325349647738971e+06
6.917531750089603476e+06
6.939776874903130345e+06
6.962060633551528677e+06
6.984383045914012939e+06
7.006744087489396334e+06
7.029143714601987973e+06
7.051581963150848635e+06
7.074058731503603980e+06
7.096574110393125564e+06
7.119127946686013602e+06
7.141720377750158310e+06
7.164351226872517727e+06
7.187020612756544724e+06
7.209728396494315006e+06
7.232474661790592596e+06
7.255259301327168010e+06
7.278082370238577016e+06
7.300943786398036405e+06
7.323843582401432097e+06
7.346781695323300548e+06
7.369758141617801040e+06
7.392772870728037320e+06
7.415825889867522754e+06
7.438917154306588694e+06
7.462046668236786500e+06
7.485214386262162589e+06
7.508420316664206795e+06
7.531664406115583144e+06
7.554946674134837463e+06
7.578267052206967957e+06
7.601625578742971644e+06
7.625022162424337119e+06
7.648456867550311610e+06
7.671929573188096285e+06
7.695440376913438551e+06
7.718989120282159187e+06
7.742575941839978099e+06
7.766200655132598244e+06
7.789863396697023883e+06
7.813564006381571293e+06
7.837302574444519356e+06
7.861078998949225992e+06
7.884893307513915934e+06
7.908745464762716554e+06
7.932635427259317599e+06
7.956563234955250286e+06
7.980528764650375582e+06
8.004532139764963649e+06
8.028573182289047167e+06
8.052652008799482137e+06
8.076768494323557243e+06
8.100922670366996899e+06
8.125114515068574809e+06
8.149343952384194359e+06
8.173611071884662844e+06
8.197915713392414153e+06
8.222257991282218136e+06
8.246637781068929471e+06
8.271055098427553661e+06
8.295509951713937335e+06
8.320002221602154896e+06
8.344532049762985669e+06
8.369099255389236845e+06
8.393703899233795702e+06
8.418345954728094861e+06
8.443025323168050498e+06
8.467742142258614302e+06
8.492496229352694005e+06
8.517287639804866165e+06
8.542116361037999392e+06
8.566982285766417161e+06
8.591885536494899541e+06
8.616825965329043567e+06
8.641803575851332396e+06
8.666818421099901199e+06
8.691870361951673403e+06
8.716959472024587914e+06
8.742085698259983212e+06
8.767248955055207014e+06
8.792449359979594126e+06
8.817686770249653608e+06
8.842961164652580395e+06
8.868272639676632360e+06
8.893621036302337423e+06
8.919006379637256265e+06
8.944428708075182512e+06
8.969887892246305943e+06
8.995383976464414969e+06
9.020916958705572411e+06
9.046486730724588037e+06
9.072093346674835309e+06
9.097736782643856481e+06
9.123416942028872669e+06
9.149133879343131557e+06
9.174887568018723279e+06
9.200677913596794009e+06
9.226504961400421336e+06
9.252368701163388789e+06
9.278269030842345208e+06
9.304205977125804871e+06
9.330179565457865596e+06
9.356189676633145660e+06
9.382236307724190876e+06
9.408319541208283976e+06
9.434439230063050985e+06
9.460595352267831564e+06
9.486788006183095276e+06
9.513017068712053820e+06
9.539282496744561940e+06
9.565584335914099589e+06
9.591922566764423624e+06
9.618297095262639225e+06
9.644707903425026685e+06
9.671155096830014139e+06
9.697638520306194201e+06
9.724158150839064270e+06
9.750714029574956745e+06
9.777306141328750178e+06
9.803934391955628991e+06
9.830598758990151808e+06
9.857299325593372807e+06
9.884035988780150190e+06
9.910808699886053801e+06
9.937617438014958054e+06
9.964462305578231812e+06
9.991343152329696342e+06
1.001825995549279824e+07
1.004521270409531333e+07
1.007220147755317204e+07
1.009922613828241453e+07
1.012628666385922767e+07
1.015338303452435695e+07
1.018051534336872958e+07
1.020768344802515395e+07
1.023488732512547821e+07
1.026212695218726061e+07
1.028940240100346692e+07
1.031671357751344703e+07
1.034406043462625146e+07
1.037144294887329079e+07
1.039886114181903563e+07
1.042631501755928434e+07
1.045380448083910532e+07
1.048132950882424600e+07
1.050889007842433266e+07
1.053648625151699223e+07
1.056411794650880247e+07
1.059178511328768358e+07
1.061948772873998806e+07
1.064722576975120418e+07
1.067499930949144252e+07
1.070280823893269710e+07
1.073065252414605767e+07
1.075853214175235666e+07
1.078644706831004471e+07
1.081439735834585130e+07
1.084238293636023998e+07
1.087040375311559252e+07
1.089845978579195775e+07
1.092655101065777801e+07
1.095467743161098287e+07
1.098283906920002773e+07
1.101103582877788879e+07
1.103926768729835004e+07
1.106753462084995024e+07
1.109583660649039969e+07
1.112417365663460828e+07
1.115254576816964522e+07
1.118095286092976108e+07
1.120939491168762930e+07
1.123787189695091918e+07
1.126638379348393157e+07
1.129493057777583413e+07
1.132351231161923707e+07
1.135212888643741980e+07
1.138078027823077887e+07
1.140946646351700276e+07
1.143818741857772134e+07
1.146694312064992823e+07
1.149573354588455148e+07
1.152455874424211122e+07
1.155341862300657481e+07
1.158231315401645750e+07
1.161124231327515654e+07
1.164020607789553143e+07
1.166920442401508428e+07
1.169823732781483047e+07
1.172730476616326161e+07
1.175640678300026432e+07
1.178554328879167140e+07
1.181471425787129626e+07
1.184391966613629460e+07
1.187315949034247920e+07
1.190243370692040585e+07
1.193174229262259230e+07
1.196108522325323895e+07
1.199046247557318024e+07
1.201987406191426702e+07
1.204931994578760490e+07
1.207880007968441211e+07
1.210831444000747055e+07
1.213786300315238349e+07
1.216744574550747126e+07
1.219706264345369674e+07
1.222671367336467095e+07
1.225639881160680018e+07
1.228611803420073353e+07
1.231587131817473657e+07
1.234565863953863084e+07
1.237548000893738121e+07
1.240533537836292200e+07
1.243522471343629807e+07
1.246514799013326690e+07
1.249510518441966735e+07
1.252509627331199497e+07
1.255512123242172226e+07
1.258518003875478543e+07
1.261527266787805222e+07
1.264539909681260027e+07
1.267555930115040578e+07
1.270575325756671838e+07
1.273598094275004230e+07
1.276624233227338456e+07
1.279653740271926671e+07
1.282686613075379469e+07
1.285722849194540083e+07
1.288762446297782473e+07
1.291805402003918216e+07
1.294851715156245604e+07
1.297901382994043455e+07
1.300954402191600576e+07
1.304010770358437672e+07
1.307070485121289268e+07
1.310133544112357683e+07
1.313199944939967059e+07
1.316269685226723365e+07
1.319342762606116384e+07
1.322419174681594782e+07
1.325498919080926850e+07
1.328581993431564793e+07
1.331668395295235328e+07
1.334758122391573526e+07
1.337851172283179313e+07
1.340947542598621175e+07
1.344047230916989595e+07
1.347150234930644184e+07
1.350256552232851833e+07
1.353366180383009464e+07
1.356479117103283480e+07
1.359595359907173552e+07
1.362714906517558731e+07
1.365837754446378350e+07
1.368963901414011419e+07
1.372093344935302064e+07
1.375226082678786106e+07
1.378362112299918942e+07
1.381501431318933517e+07
1.384644037409519032e+07
1.387789928207434341e+07
1.390939101259767637e+07
1.394091554582334682e+07
1.397247287484592944e+07
1.400406295678284392e+07
1.403568576803343743e+07
1.406734128389465250e+07
1.409902948102154955e+07
1.413075033538826741e+07
1.416250382316341065e+07
1.419428992056928389e+07
1.422610860361139663e+07
1.425795984836019389e+07
1.428984363108924590e+07
1.432175992786415853e+07
1.435370871473148651e+07
1.438568996780745313e+07
1.441770366285396181e+07
1.444974977688640170e+07
1.448182828549225442e+07
1.451393916473748162e+07
1.454608239029656909e+07
1.457825796626669168e+07
1.461046586957044154e+07
1.464270604916659184e+07
1.467497848210410029e+07
1.470728314396803640e+07
1.473962001037248969e+07
1.477198905841540359e+07
1.480439026315991767e+07
1.483682360166600533e+07
1.486928904898832552e+07
1.490178658219575882e+07
1.493431617633313872e+07
1.496687782156800292e+07
1.499947154159741849e+07
1.503209725359866209e+07
1.506475493260285445e+07
1.509744455518871173e+07
1.513016609741824120e+07
1.516291953587887809e+07
1.519570484557997249e+07
1.522852200310551189e+07
1.526137098451490700e+07
1.529425179765564762e+07
1.532716444676471874e+07
1.536010884987429343e+07
1.539308498304737546e+07
1.542609282234236784e+07
1.545913234381378256e+07
1.549220352351251803e+07
1.552530633748641424e+07
1.555844076178088225e+07
1.559160686753411405e+07
1.562480454813256115e+07
1.565803376920240000e+07
1.569129450678241439e+07
1.572458673684719391e+07
1.575791043542373739e+07
1.579126557855087705e+07
1.582465218626283295e+07
1.585807026590622030e+07
1.589151972089989297e+07
1.592500052660369314e+07
1.595851265901110321e+07
1.599205609359364770e+07
1.602563080759225041e+07
1.605923684279124625e+07
1.609287417447830923e+07
1.612654271568708867e+07
1.616024244192562252e+07
1.619397332869894616e+07
1.622773535306830704e+07
1.626152851118182763e+07
1.629535288129730523e+07
1.632920831822138466e+07
1.636309479897898249e+07
1.639701229847951420e+07
1.643096079413585365e+07
1.646494029131746665e+07
1.649895086061073095e+07
1.653299235513841920e+07
1.656706475130338594e+07
1.660116802578502707e+07
1.663530215354896896e+07
1.666946720744308457e+07
1.670366313777610287e+07
1.673788985166651942e+07
1.677214732545376197e+07
1.680643553546526283e+07
1.684075450225945935e+07
1.687510428841964528e+07
1.690948474112243950e+07
1.694389583605193719e+07
1.697833754957483709e+07
1.701280988697838783e+07
1.704731295116833225e+07
1.708184656400814280e+07
1.711641070167393982e+07
1.715100534073530883e+07
1.718563050998637825e+07
1.722028627381800115e+07
1.725497246807487682e+07
1.728968907021152973e+07
1.732443605544611812e+07
1.735921351839202270e+07
1.739402140410951525e+07
1.742885960336909816e+07
1.746372809233264998e+07
1.749862685660727322e+07
1.753355606691868976e+07
1.756851549642933905e+07
1.760350512297372892e+07
1.763852492146791890e+07
1.767357501488737762e+07
1.770865530974485353e+07
1.774376570781281590e+07
1.777890618471994251e+07
1.781407680881063640e+07
1.784927760384145752e+07
1.788450840812747180e+07
1.791976919664638489e+07
1.795506001195377111e+07
1.799038094098874182e+07
1.802573178485660255e+07
1.806111252135746181e+07
1.809652318576641008e+07
1.813196388326726109e+07
1.816743440247847885e+07
1.820293472067516297e+07
1.823846489506376162e+07
1.827402499617439508e+07
1.830961482542240992e+07
1.834523436011808738e+07
1.838088370567944646e+07
1.841656284458931908e+07
1.845227161970844492e+07
1.848801000532156974e+07
1.852377818378516287e+07
1.855957599733223766e+07
1.859540335215999559e+07
1.863126024947043508e+07
1.866714689876916632e+07
1.870306302177607268e+07
1.873900859277283400e+07
1.877498373312941939e+07
1.881098842107298970e+07
1.884702248861885071e+07
1.888308591255142540e+07
1.891917895998032391e+07
1.895530132294486463e+07
1.899145297211893275e+07
1.902763404551309720e+07
1.906384450262737274e+07
1.910008417685323581e+07
1.913635308826764300e+07
1.917265143856414780e+07
1.920897893670084327e+07
1.924533555861071870e+07
1.928172154039332271e+07
1.931813666147388145e+07
1.935458083721359447e+07
1.939105421902937815e+07
1.942755676236173883e+07
1.946408829114601389e+07
1.950064888575693592e+07
1.953723865057686344e+07
1.957385733168112859e+07
1.961050495134832337e+07
1.964718173707417771e+07
1.968388736994872987e+07
1.972062182993997633e+07
1.975738543616302311e+07
1.979417781953279302e+07
1.983099895776203647e+07
1.986784915931131691e+07
1.990472809472630545e+07
1.994163571411684528e+07
1.997857232128292695e+07
2.001553760775048286e+07
2.005253150912209973e+07
2.008955433659664541e+07
2.012660577418595180e+07
2.016368575763537362e+07
2.020079462047889084e+07
2.023793200847939774e+07
2.027509788104551658e+07
2.031229258789735287e+07
2.034951572855802253e+07
2.038676732924424112e+07
2.042404765729634091e+07
2.046135635020385683e+07
2.049869349407219887e+07
2.053605924394651130e+07
2.057345328974255174e+07
2.061087579410432279e+07
2.064832676754609123e+07
2.068580596604941040e+07
2.072331364847756922e+07
2.076084964421046153e+07
2.079841379695823416e+07
2.083600647329399735e+07
2.087362729319892079e+07
2.091127628602165356e+07
2.094895368895487115e+07
2.098665913419067860e+07
2.102439281683379039e+07
2.106215471384671330e+07
2.109994458623031899e+07
2.113776277645355090e+07
2.117560897002748027e+07
2.121348315451651067e+07
2.125138558600769565e+07
2.128931587713109702e+07
2.132727426641086489e+07
2.136526066501493752e+07
2.140327485548635200e+07
2.144131726837171614e+07
2.147938743740415946e+07
2.151748552295435220e+07
2.155561158415485173e+07
2.159376532348349318e+07
2.163194713145065308e+07
2.167015663429419324e+07
2.170839391512976959e+07
2.174665909700142220e+07
2.178495184355149791e+07
2.182327254664366692e+07
2.186162084328779206e+07
2.189999681968034804e+07
2.193840058140011877e+07
2.197683179475763440e+07
2.201529089468173683e+07
2.205377744418823346e+07
2.209229161873415112e+07
2.213083341951012239e+07
2.216940258944067731e+07
2.220799955887589231e+07
2.224662382205381989e+07
2.228527569847837090e+07
2.232395500039717183e+07
2.236266167487734556e+07
2.240139593053898215e+07
2.244015736753354222e+07
2.247894645152829587e+07
2.251776271469962224e+07
2.255660639802439883e+07
2.259547740370726958e+07
2.263437561004911736e+07
2.267330127403758094e+07
2.271225395904477686e+07
2.275123416101201996e+07
2.279024137727764249e+07
2.282927590388641134e+07
2.286833756608486921e+07
2.290742634165796638e+07
2.294654236471288651e+07
2.298568531000729650e+07
2.302485561273332313e+07
2.306405273482562974e+07
2.310327714605577290e+07
2.314252841841175407e+07
2.318180680433529243e+07
2.322111214340564981e+07
2.326044442625343427e+07
2.329980374982856587e+07
2.333918985069159791e+07
2.337860307418163493e+07
2.341804291672545671e+07
2.345750995555734634e+07
2.349700356976182014e+07
2.353652423571066558e+07
2.357607153871621937e+07
2.361564575292654708e+07
2.365524666152049601e+07
2.369487434689963609e+07
2.373452877793732285e+07
2.377420985749461129e+07
2.381391772661815211e+07
2.385365212472710013e+07
2.389341335013283417e+07
2.393320098748996109e+07
2.397301548742737621e+07
2.401285628863725439e+07
2.405272397756320238e+07
2.409261790643682331e+07
2.413253866359664127e+07
2.417248565422295034e+07
2.421245938360574469e+07
2.425245935580794141e+07
2.429248598099528626e+07
2.433253884935444593e+07
2.437261829414693639e+07
2.441272397838312015e+07
2.445285616684868559e+07
2.449301458143309876e+07
2.453319943779936060e+07
2.457341050117673352e+07
2.461364794945719838e+07
2.465391158051914722e+07
2.469420154466327280e+07
2.473451765852365270e+07
2.477486006256373227e+07
2.481522857789972052e+07
2.485562334656225517e+07
2.489604418052716553e+07
2.493649123867907748e+07
2.497696430871690437e+07
2.501746358058977127e+07
2.505798880495063215e+07
2.509854021488631517e+07
2.513911751099079475e+07
2.517972098445938900e+07
2.522035026951292530e+07
2.526100573135969415e+07
2.530168692373382673e+07
2.534239429840758815e+07
2.538312731589157134e+07
2.542388652918531373e+07
2.546467128903060034e+07
2.550548226606407017e+07
2.554631875187129527e+07
2.558718135256317630e+07
2.562806949061575904e+07
2.566898363260647655e+07
2.570992334821182117e+07
2.575088894741905108e+07
2.579188016681700200e+07
2.583289714464510232e+07
2.587393979275985435e+07
2.591500806580026075e+07
2.595610206932939962e+07
2.599722155411886796e+07
2.603836683814533800e+07
2.607953745618986711e+07
2.612073394746674597e+07
2.616195567318258435e+07
2.620320323755053058e+07
2.624447606020357460e+07
2.628577455699926987e+07
2.632709840094769001e+07
2.636844774630323797e+07
2.640982254115755111e+07
2.645122265427250415e+07
2.649264832333279774e+07
2.653409912187233195e+07
2.657557559454157203e+07
2.661707710159491748e+07
2.665860419790892303e+07
2.670015639931983501e+07
2.674173397915010899e+07
2.678333680014432222e+07
2.682496478431417793e+07
2.686661815205166489e+07
2.690829646038698032e+07
2.695000029974763468e+07
2.699172901484438404e+07
2.703348308919162303e+07
2.707526216942791641e+07
2.711706636667994037e+07
2.715889573886225373e+07
2.720074997745283693e+07
2.724262956873540580e+07
2.728453390956038609e+07
2.732646350608260557e+07
2.736841795826854557e+07
2.741039739697746560e+07
2.745240188619163632e+07
2.749443108743700013e+07
2.753648554284846038e+07
2.757856462531212717e+07
2.762066877398367599e+07
2.766279771543996409e+07
2.770495142632345110e+07
2.774713015450128913e+07
2.778933341804195195e+07
2.783156178766236827e+07
2.787381473231869191e+07
2.791609246538837627e+07
2.795839501618925110e+07
2.800072203382327035e+07
2.804307412067162246e+07
2.808545062183685973e+07
2.812785189149159566e+07
2.817027782202278823e+07
2.821272817449599877e+07
2.825520346450097486e+07
2.829770307975345477e+07
2.834022739535396919e+07
2.838277626383892074e+07
2.842534946594889835e+07
2.846794751289948076e+07
2.851056979989276081e+07
2.855321667870735750e+07
2.859588804008528218e+07
2.863858360603857413e+07
2.868130397064743191e+07
2.872404849041988701e+07
2.876681744349125400e+07
2.880961085919017717e+07
2.885242837642412260e+07
2.889527054608981311e+07
2.893813685568306595e+07
2.898102740163553506e+07
2.902394243280630186e+07
2.906688147946184874e+07
2.910984495314729214e+07
2.915283261641033739e+07
2.919584426752142236e+07
2.923888047682263702e+07
2.928194061591185257e+07
2.932502491174535081e+07
2.936813349226226658e+07
2.941126595126697049e+07
2.945442271846328303e+07
2.949760351449709386e+07
2.954080814586116001e+07
2.958403720870903879e+07
2.962729006492267549e+07
2.967056688363111764e+07
2.971386790262880549e+07
2.975719266405170038e+07
2.980054150090896711e+07
2.984391432132069394e+07
2.988731083334171772e+07
2.993073151928162947e+07
2.997417598657149822e+07
3.001764410797517747e+07
3.006113646079610661e+07
3.010465242083800212e+07
3.014819210643121228e+07
3.019175584877505898e+07
3.023534314789452776e+07
3.027895422920616716e+07
3.032258920766362175e+07
3.036624769067627564e+07
3.040992999950642884e+07
3.045363606110652909e+07
3.049736557895405218e+07
3.054111894702940807e+07
3.058489593860965595e+07
3.062869633631688729e+07
3.067252059552389011e+07
3.071636836275435239e+07
3.076023948823575675e+07
3.080413447107749805e+07
3.084805286612339318e+07
3.089199456767949089e+07
3.093596010448934510e+07
3.097994897312265635e+07
3.102396109840694442e+07
3.106799702542474493e+07
3.111205621631117165e+07
3.115613861245192215e+07
3.120024476097847149e+07
3.124437412324846908e+07
3.128852664301069081e+07
3.133270284308839217e+07
3.137690222526447475e+07
3.142112471587487683e+07
3.146537080522192642e+07
3.150964005551804975e+07
3.155393236676564068e+07
3.159824817601353303e+07
3.164258714526536688e+07
3.168694912671137601e+07
3.173133448967784643e+07
3.177574302897399291e+07
3.182017453110743314e+07
3.186462928068562225e+07
3.190910723938555643e+07
3.195360811258150265e+07
3.199813208324271813e+07
3.204267931287558377e+07
3.208724940781123191e+07
3.213184243223864585e+07
3.217645878335426748e+07
3.222109795185407996e+07
3.226575991663976386e+07
3.231044518879155442e+07
3.235515327902424708e+07
3.239988412192844599e+07
3.244463806562829763e+07
3.248941493225999177e+07
3.253421450273926929e+07
3.257903694899630919e+07
3.262388244649445266e+07
3.266875059528700635e+07
3.271364138355097547e+07
3.275855535875749961e+07
3.280349194240747020e+07
3.284845111353427172e+07
3.289343321415216848e+07
3.293843808049668372e+07
3.298346549121812358e+07
3.302851554821220785e+07
3.307358855533160642e+07
3.311868405408011004e+07
3.316380203364930302e+07
3.320894290367631242e+07
3.325410634891724214e+07
3.329929222238518670e+07
3.334450066998178139e+07
3.338973191369360313e+07
3.343498553764218837e+07
3.348026153133273497e+07
3.352556029407797009e+07
3.357088152308645099e+07
3.361622507409428060e+07
3.366159103439762443e+07
3.370697972557199746e+07
3.375239068651446700e+07
3.379782390475200862e+07
3.384327968583097309e+07
3.388875791414033622e+07
3.393425835235697776e+07
3.397978098774975538e+07
3.402532630326484889e+07
3.407089381696593016e+07
3.411648348102332652e+07
3.416209540089876950e+07
3.420772984582409263e+07
3.425338639428017288e+07
3.429906502479577065e+07
3.434476598688164353e+07
3.439048927342872322e+07
3.443623460019427538e+07
3.448200194679051638e+07
3.452779167217373103e+07
3.457360354918362200e+07
3.461943739948279411e+07
3.466529321143550426e+07
3.471117141920538247e+07
3.475707163004866242e+07
3.480299375863835216e+07
3.484893778306401521e+07
3.489490419416230172e+07
3.494089249167365581e+07
3.498690264344997704e+07
3.503293464093677700e+07
3.507898896711897105e+07
3.512506509896259755e+07
3.517116302295923978e+07
3.521728273242784292e+07
3.526342470726165920e+07
3.530958842603421956e+07
3.535577387407799065e+07
3.540198103729416430e+07
3.544821038819674402e+07
3.549446144287189096e+07
3.554073416770655662e+07
3.558702854856812209e+07
3.563334498900318891e+07
3.567968313369689137e+07
3.572604288567165285e+07
3.577242423188089579e+07
3.581882748557510227e+07
3.586525247083033621e+07
3.591169900482498854e+07
3.595816707046432793e+07
3.600465686073937267e+07
3.605116844093082845e+07
3.609770151115859300e+07
3.614425605188100785e+07
3.619083210052926838e+07
3.623743003045884520e+07
3.628404938644726574e+07
3.633069015554129332e+07
3.637735232166944444e+07
3.642403622046190500e+07
3.647074162104360759e+07
3.651746837290813774e+07
3.656421646353098005e+07
3.661098600468485802e+07
3.665777720452789962e+07
3.670458969616100937e+07
3.675142346598816663e+07
3.679827849895059317e+07
3.684515512977420539e+07
3.689205311832689494e+07
3.693897232411850989e+07
3.698591273476891220e+07
3.703287439322040230e+07
3.707985763259815425e+07
3.712686203244160861e+07
3.717388757776539773e+07
3.722093425180953741e+07
3.726800224287243932e+07
3.731509159524685144e+07
3.736220203324621171e+07
3.740933354180157185e+07
3.745648610633935779e+07
3.750366001117895544e+07
3.755085510085322708e+07
3.759807120020624250e+07
3.764530829888374358e+07
3.769256638113434613e+07
3.773984578225097060e+07
3.778714623747485131e+07
3.783446763040196896e+07
3.788180994850542396e+07
3.792917317253726721e+07
3.797655765523280203e+07
3.802396310308563709e+07
3.807138941767577082e+07
3.811883658275176585e+07
3.816630458563504368e+07
3.821379372970569134e+07
3.826130380202519894e+07
3.830883466706429422e+07
3.835638631128343940e+07
3.840395871990965307e+07
3.845155211432512850e+07
3.849916644173106551e+07
3.854680148941651732e+07
3.859445724456013739e+07
3.864213368808425963e+07
3.868983092203260958e+07
3.873754913628182560e+07
3.878528800086725503e+07
3.883304749571985006e+07
3.888082761533739418e+07
3.892862833990290761e+07
3.897645000769638270e+07
3.902429231850431859e+07
3.907215519548223913e+07
3.912003862154123932e+07
3.916794257852385938e+07
3.921586717788918316e+07
3.926381257677493989e+07
3.931177846873371303e+07
3.935976483377956599e+07
3.940777166637285054e+07
3.945579894762913138e+07
3.950384690340618789e+07
3.955191544654843211e+07
3.960000439492435753e+07
3.964811373412060738e+07
3.969624345321881026e+07
3.974439353797297925e+07
3.979256427222079039e+07
3.984075544015678018e+07
3.988896692751698196e+07
3.993719872424553335e+07
3.998545081626402587e+07
4.003372318382323533e+07
4.008201611957039684e+07
4.013032939836127311e+07
4.017866291031858325e+07
4.022701665024259686e+07
4.027539059525834024e+07
4.032378474006498605e+07
4.037219929502433538e+07
4.042063416695879400e+07
4.046908919683212042e+07
4.051756436181893200e+07
4.056605965656327456e+07
4.061457506043427438e+07
4.066311065551704913e+07
4.071166661550235003e+07
4.076024264745869488e+07
4.080883873576740921e+07
4.085745486414429545e+07
4.090609102289147675e+07
4.095474719481083006e+07
4.100342362180825323e+07
4.105212014543037862e+07
4.110083664676790684e+07
4.114957310324184597e+07
4.119832950892572850e+07
4.124710584442368895e+07
4.129590210018677264e+07
4.134471858249508590e+07
4.139355499033765495e+07
4.144241127041783184e+07
4.149128741841984540e+07
4.154018341251773387e+07
4.158909924500769377e+07
4.163803489828094095e+07
4.168699066808079928e+07
4.173596627283811569e+07
4.178496165670055896e+07
4.183397681039211899e+07
4.188301171481075138e+07
4.193206636422580481e+07
4.198114073633006960e+07
4.203023502834698558e+07
4.207934915058518201e+07
4.212848295745576918e+07
4.217763644029355049e+07
4.222680957976485044e+07
4.227600236701447517e+07
4.232521478325255215e+07
4.237444682507528365e+07
4.242369879397159070e+07
4.247297035040385276e+07
4.252226148913623393e+07
4.257157218816699088e+07
4.262090243762449920e+07
4.267025222957957536e+07
4.271962154219986498e+07
4.276901039522734284e+07
4.281841903427296877e+07
4.286784715348339081e+07
4.291729474165788293e+07
4.296676179142429680e+07
4.301624828205247968e+07
4.306575420205302536e+07
4.311527954318992049e+07
4.316482428604581207e+07
4.321438865955692530e+07
4.326397247416757047e+07
4.331357565022356063e+07
4.336319817665335536e+07
4.341284004246925563e+07
4.346250122977904230e+07
4.351218172872371227e+07
4.356188152820351720e+07
4.361160062570730597e+07
4.366133926785153151e+07
4.371109716741880029e+07
4.376087431358795613e+07
4.381067068821841478e+07
4.386048628188186139e+07
4.391032108374191821e+07
4.396017507318807393e+07
4.401004824298148602e+07
4.405994057925385982e+07
4.410985229709152877e+07
4.415978319994499534e+07
4.420973323001135886e+07
4.425970237317129225e+07
4.430969061529514194e+07
4.435969794825166464e+07
4.440972435282745957e+07
4.445976981856133789e+07
4.450983433147460967e+07
4.455991788382122666e+07
4.461002071185416728e+07
4.466014255334897339e+07
4.471028338930023462e+07
4.476044320833370090e+07
4.481062200180595368e+07
4.486081974858459830e+07
4.491103643852341920e+07
4.496127205988504738e+07
4.501152660082037002e+07
4.506180004760557413e+07
4.511209249360116571e+07
4.516240395673722774e+07
4.521273428718028218e+07
4.526308347138621658e+07
4.531345149576329440e+07
4.536383834711314738e+07
4.541424401458032429e+07
4.546466848892167211e+07
4.551511174917834997e+07
4.556557378561818600e+07
4.561605458641897887e+07
4.566655413995897770e+07
4.571707265322075784e+07
4.576760989831906557e+07
4.581816585496383905e+07
4.586874051597785950e+07
4.591933386115860194e+07
4.596994588100145757e+07
4.602057656224855781e+07
4.607122589217629284e+07
4.612189385985210538e+07
4.617258045235133916e+07
4.622328565649937093e+07
4.627400945914986730e+07
4.632475192431441694e+07
4.637551309528968483e+07
4.642629282700718939e+07
4.647709111026210338e+07
4.652790792428338528e+07
4.657874326023387909e+07
4.662959710714025795e+07
4.668046945236683637e+07
4.673136028294447064e+07
4.678226958593039960e+07
4.683319734843052179e+07
4.688414355910242349e+07
4.693510820600160211e+07
4.698609127625586838e+07
4.703709279640560597e+07
4.708811286010100693e+07
4.713915130764842033e+07
4.719020812800823897e+07
4.724128330864167958e+07
4.729237683678915352e+07
4.734348869971521199e+07
4.739461888470838219e+07
4.744576737958171964e+07
4.749693417319633812e+07
4.754811925298778713e+07
4.759932260630600899e+07
4.765054422052397579e+07
4.770178408303742856e+07
4.775304218152194470e+07
4.780431850487741083e+07
4.785561304076962918e+07
4.790692590059807152e+07
4.795825698192146420e+07
4.800960623675758392e+07
4.806097365262058377e+07
4.811235921381533891e+07
4.816376291694547981e+07
4.821518474548540264e+07
4.826662468700169027e+07
4.831808272908142209e+07
4.836955885933230817e+07
4.842105306538271159e+07
4.847256533570037782e+07
4.852409565868263692e+07
4.857564402198605239e+07
4.862721041328666359e+07
4.867879482027994841e+07
4.873039722652111202e+07
4.878201762805390358e+07
4.883365600868716091e+07
4.888531235721057653e+07
4.893698672622966766e+07
4.898867909914513677e+07
4.904038940190202743e+07
4.909211762231074274e+07
4.914386374819960445e+07
4.919562776319260150e+07
4.924740966369791329e+07
4.929920943425291777e+07
4.935102706291829050e+07
4.940286253758040071e+07
4.945471584614242613e+07
4.950658697652442008e+07
4.955847591239297390e+07
4.961038265023104101e+07
4.966230717374794930e+07
4.971424947104572505e+07
4.976620953084646165e+07
4.981818734126857668e+07
4.987018288600672781e+07
4.992219616169402748e+07
4.997422715206668526e+07
5.002627584517680109e+07
5.007834222909168154e+07
5.013042628754948825e+07
5.018252801732460409e+07
5.023464740226321667e+07
5.028678443105360866e+07
5.033893909194206446e+07
5.039111136867979914e+07
5.044330128169347346e+07
5.049550884373141825e+07
5.054773398884050548e+07
5.059997670520339906e+07
5.065223697660055012e+07
5.070451480006209016e+07
5.075681015940716118e+07
5.080912304287243634e+07
5.086145343439569324e+07
5.091380133149590343e+07
5.096616671802242100e+07
5.101854958223994821e+07
5.107094990795567632e+07
5.112336769238554686e+07
5.117580291937331110e+07
5.122825557723183185e+07
5.128072564978732914e+07
5.133321313435999304e+07
5.138571801481187344e+07
5.143824027950199693e+07
5.149077991227234155e+07
5.154333691054771096e+07
5.159591125820731372e+07
5.164850293930711597e+07
5.170111195145782083e+07
5.175373827853354067e+07
5.180638190895177424e+07
5.185904282656257600e+07
5.191172102894717455e+07
5.196441649999035895e+07
5.201712922355413437e+07
5.206985919728911668e+07
5.212260640509168804e+07
5.217537083083429933e+07
5.222815247223737836e+07
5.228095131320737302e+07
5.233376733762557060e+07
5.238660054328263551e+07
5.243945091409360617e+07
5.249231843394705653e+07
5.254520310070449859e+07
5.259810489828797430e+07
5.265102381059195101e+07
5.270395983554933220e+07
5.275691295710488409e+07
5.280988315923558921e+07
5.286287043994673342e+07
5.291587478315985203e+07
5.296889617276691645e+07
5.302193460683548450e+07
5.307499006929113716e+07
5.312806254402873665e+07
5.318115202919016033e+07
5.323425850394386053e+07
5.328738196646606922e+07
5.334052240069413930e+07
5.339367979053284228e+07
5.344685413423425704e+07
5.350004541094221175e+07
5.355325361894407123e+07
5.360647874218581617e+07
5.365972076457894593e+07
5.371297968448831886e+07
5.376625548102826625e+07
5.381954815259999782e+07
5.387285768315515667e+07
5.392618405660910904e+07
5.397952727144243568e+07
5.403288730673521757e+07
5.408626416100560129e+07
5.413965781820829213e+07
5.419306826225972176e+07
5.424649549175966531e+07
5.429993948574937135e+07
5.435340024286735803e+07
5.440687774214808643e+07
5.446037198226939887e+07
5.451388294225826859e+07
5.456741062083248794e+07
5.462095500195614994e+07
5.467451606955186278e+07
5.472809382242345810e+07
5.478168823955158144e+07
5.483529931978156418e+07
5.488892704208455980e+07
5.494257140534804761e+07
5.499623238853313029e+07
5.504990999057014287e+07
5.510360419040957838e+07
5.515731499636372924e+07
5.521104245190791786e+07
5.526478648413113505e+07
5.531854707196596265e+07
5.537232421447750926e+07
5.542611789058662206e+07
5.547992809940394759e+07
5.553375481983807683e+07
5.558759805104609579e+07
5.564145777192392945e+07
5.569533398167572170e+07
5.574922665918444842e+07
5.580313580370227993e+07
5.585706139408583939e+07
5.591100342953935266e+07
5.596496188888740540e+07
5.601893677146703750e+07
5.607292805610535294e+07
5.612693574218915403e+07
5.618095980852991343e+07
5.623500025456529856e+07
5.628905705909081548e+07
5.634313021641409397e+07
5.639721972085972875e+07
5.645132555122533441e+07
5.650544770705317706e+07
5.655958616712437570e+07
5.661374093103537709e+07
5.666791197755034268e+07
5.672209930632109195e+07
5.677630289609466493e+07
5.683052281435759366e+07
5.688475905123844743e+07
5.693901151885662228e+07
5.699328021698161960e+07
5.704756512434855849e+07
5.710186624062614143e+07
5.715618354428557307e+07
5.721051702988617122e+07
5.726486669201117754e+07
5.731923250935182720e+07
5.737361448183491826e+07
5.742801258813160658e+07
5.748242682288967818e+07
5.753685718078126013e+07
5.759130364047464728e+07
5.764576620202481002e+07
5.770024484407974780e+07
5.775473956137927622e+07
5.780925034868964553e+07
5.786377718465584517e+07
5.791832006943338364e+07
5.797287898115984350e+07
5.802745407303442061e+07
5.808204520693425089e+07
5.813665233798257262e+07
5.819127546104153246e+07
5.824591457100238651e+07
5.830056964645497501e+07
5.835524068231765181e+07
5.840992767353934795e+07
5.846463059870611876e+07
5.851934945827621967e+07
5.857408423081429303e+07
5.862883491118045151e+07
5.868360149371465296e+07
5.873838395686189085e+07
5.879318229567234963e+07
5.884799650523000956e+07
5.890282656405286491e+07
5.895767247843057662e+07
5.901253443834260851e+07
5.906741221846960485e+07
5.912230581399326771e+07
5.917721522013234347e+07
5.923214041523198783e+07
5.928708139359920472e+07
5.934203814474255592e+07
5.939701066392015666e+07
5.945199892961648852e+07
5.950700293712178618e+07
5.956202268176626414e+07
5.961705814203026891e+07
5.967210931327731162e+07
5.972717619091243297e+07
5.978225875315494090e+07
5.983735712050725520e+07
5.989247127905964106e+07
5.994760110379634798e+07
6.000274657316476852e+07
6.005790768265184015e+07
