2.644361183535401096e+02
9.662699571821476638e+03
1.625188749059248403e+04
2.192436207822384677e+04
2.733477883083880079e+04
3.259320162763105691e+04
3.762115127416551695e+04
4.259979094511359290e+04
4.755987264249775035e+04
5.250002439243926347e+04
5.740443782953009213e+04
6.224928524574390030e+04
6.700669496444378456e+04
7.164728543773521960e+04
7.614182072505708493e+04
8.046231608878627594e+04
8.458278713798332319e+04
8.847975653550341667e+04
9.213258709417324280e+04
9.552368519631185336e+04
9.863860204622066522e+04
1.014660506900233013e+05
1.039978519697781885e+05
1.062288208027415385e+05
1.081566032402345736e+05
1.097814750392869028e+05
1.111061129803922959e+05
1.121353506870415004e+05
1.128759306677726127e+05
1.133362631614825805e+05
1.135262008661047003e+05
1.134568361832082592e+05
1.131403251271754561e+05
1.125897388922509854e+05
1.118189411817207292e+05
1.108424867949892941e+05
1.096755350483492221e+05
1.083337704193285026e+05
1.068333227451085986e+05
1.051906797331366834e+05
1.034225860976853874e+05
1.015459257879674697e+05
9.957758625767676858e+04
9.753430643863954174e+04
9.543251256730267778e+04
9.328814794832770713e+04
9.111650398660203791e+04
8.893206027344219910e+04
8.674834104748693062e+04
8.457779427994452999e+04
8.243169801416620612e+04
8.032009668690963008e+04
7.825176822038092359e+04
7.623422090283935540e+04
7.427371759108155675e+04
7.237532366736576660e+04
7.054297449945090921e+04
6.877955784688401036e+04
6.708700668359981501e+04
6.546639820230201440e+04
6.391805523556572007e+04
6.244164690084829635e+04
6.103628589955856296e+04
5.970062051643944142e+04
5.843291993574718799e+04
5.723115199414093513e+04
5.609305292268280027e+04
5.501618897490666131e+04
5.399801010790614237e+04
5.303589608605161629e+04
5.212719550943199283e+04
5.126925835920436657e+04
5.045946269469955587e+04
4.969523615032363159e+04
4.897407286770211795e+04
4.829354646769995452e+04
4.765131962987146107e+04
4.704515079356967908e+04
4.647289845123892155e+04
4.593252344487443770e+04
4.542208963555719674e+04
4.493976325979014655e+04
4.448381124767265283e+04
4.405259873678779695e+04
4.364458597664448462e+04
4.325832479097964824e+04
4.289245473267773195e+04
4.254569904645699717e+04
4.221686052725422633e+04
4.190481734930790844e+04
4.160851892363056686e+04
4.132698182940635161e+04
4.105928585187742283e+04
4.080457015399527154e+04
4.056202959934168030e+04
4.033091123676204734e+04
4.011051095747929503e+04
3.990017032424292120e+04
3.969927357664128795e+04
3.950724480682963622e+04
3.932354530417699425e+04
3.914767106546641298e+04
3.897915045872968767e+04
3.881754204104361997e+04
3.866243251670439349e+04
3.851343483508373174e+04
3.837018641223671875e+04
3.823234747812231944e+04
3.809959953517712711e+04
3.797164392312554264e+04
3.784820048554063396e+04
3.772900632835578290e+04
3.761381466476892820e+04
3.750239374334700551e+04
3.739452584928675788e+04
3.729000637735843338e+04
3.718864297009922302e+04
3.709025471558889694e+04
3.699467140194809326e+04
3.690173282526512048e+04
3.681128814415475063e+04
3.672319528009117494e+04
3.663732035979190550e+04
3.655353719547754008e+04
3.647172680211027182e+04
3.639177694562049874e+04
3.631358172532967001e+04
3.623704118161040242e+04
3.616206093226218218e+04
3.608855183239907637e+04
3.601642965800581442e+04
3.594561480945601943e+04
3.587603203589207988e+04
3.580761017713663023e+04
3.574028192274518369e+04
3.567398358677412762e+04
3.560865489702820923e+04
3.554423879851442325e+04
3.548068126829432003e+04
3.541793114392888674e+04
3.535593996074387542e+04
3.529466180080626509e+04
3.523405315135256387e+04
3.517407277060443448e+04
3.511468156367358461e+04
3.505584246511845413e+04
3.499752032838514424e+04
3.493968182276478910e+04
3.488229533600572904e+04
3.482533088290872547e+04
3.476876001932263898e+04
3.471255576123207720e+04
3.465669250846062641e+04
3.460114597329229582e+04
3.454589311239539529e+04
3.449091206359746866e+04
3.443618208533552388e+04
3.438168350034839386e+04
3.432739764207912231e+04
3.427330680430418579e+04
3.421939419300833833e+04
3.416564388209155732e+04
3.411204076991097827e+04
3.405857053975520830e+04
3.400521962122288096e+04
3.395197515469035716e+04
3.389882495637377724e+04
3.384575748714403744e+04
3.379276182069048082e+04
3.373982761573844618e+04
3.368694508733644034e+04
3.363410498186610494e+04
3.358129855151644733e+04
3.352851753117253975e+04
3.347575411602705572e+04
3.342300094039685791e+04
3.337025105759641156e+04
3.331749792083175998e+04
3.326473536500991031e+04
3.321195758945422131e+04
3.315915914146031719e+04
3.310633490055533184e+04
3.305348006386117777e+04
3.300059013162704650e+04
3.294766089371167618e+04
3.289468841696983145e+04
3.284166903262951382e+04
3.278859932491429208e+04
3.273547611961776784e+04
3.268229647337878851e+04
3.262905766411958029e+04
3.257575718039559797e+04
3.252239271305061629e+04
3.246896214571667588e+04
3.241546354669810898e+04
3.236189516077359440e+04
3.230825540156926581e+04
3.225454284395272407e+04
3.220075621716946262e+04
3.214689439793329439e+04
3.209295640431709398e+04
3.203894138902216582e+04
3.198484863378970840e+04
3.193067754368425813e+04
3.187642764157727288e+04
3.182209856292489712e+04
3.176769005107837802e+04
3.171320195188641082e+04
3.165863420977683199e+04
3.160398686291632475e+04
3.154926003914871399e+04
3.149445395187759641e+04
3.143956889632961611e+04
3.138460524572295253e+04
3.132956344754653401e+04
3.127444402054613965e+04
3.121924755074813220e+04
3.116397468905506685e+04
3.110862614773122186e+04
3.105320269748839564e+04
3.099770516479515936e+04
3.094213442908667639e+04
3.088649142042878884e+04
3.083077711651677237e+04
3.077499254083466440e+04
3.071913875981557067e+04
3.066321688111905678e+04
3.060722805098955359e+04
3.055117345263611787e+04
3.049505430404996514e+04
3.043887185605679770e+04
3.038262739053549012e+04
3.032632221883248349e+04
3.026995767963838080e+04
3.021353513780163485e+04
3.015705598242533961e+04
3.010052162571425288e+04
3.004393350096047288e+04
2.998729306172100769e+04
2.993060178000764790e+04
2.987386114544996963e+04
2.981707266342074581e+04
2.976023785431124634e+04
2.970335825239273618e+04
2.964643540427434709e+04
2.958947086823718564e+04
2.953246621294870783e+04
2.947542301651852540e+04
2.941834286554335267e+04
2.936122735440103497e+04
2.930407808375665263e+04
2.924689666033828689e+04
2.918968469593967893e+04
2.913244380607890344e+04
2.907517561024544193e+04
2.901788173002654366e+04
2.896056378939320348e+04
2.890322341329484334e+04
2.884586222730810914e+04
2.878848185722820563e+04
2.873108392774755703e+04
2.867367006258255788e+04
2.861624188370213960e+04
2.855880101044536787e+04
2.850134905941725083e+04
2.844388764398047351e+04
2.838641837317885438e+04
2.832894285228626541e+04
2.827146268120493187e+04
2.821397945493504085e+04
2.815649476291496103e+04
2.809901018816112992e+04
2.804152730774400334e+04
2.798404769165689140e+04
2.792657290272647879e+04
2.786910449653458636e+04
2.781164402071492441e+04
2.775419301483639356e+04
2.769675301002605192e+04
2.763932552884771212e+04
2.758191208482528964e+04
2.752451418227618342e+04
2.746713331624517014e+04
2.740977097173447328e+04
2.735242862409530790e+04
2.729510773864814109e+04
2.723780977006063040e+04
2.718053616274178057e+04
2.712328835033652649e+04
2.706606775548935184e+04
2.700887578983699132e+04
2.695171385413781536e+04
2.689458333737565772e+04
2.683748561715511460e+04
2.678042205963160086e+04
2.672339401901545352e+04
2.666640283776939759e+04
2.660944984635626679e+04
2.655253636321935483e+04
2.649566369455865788e+04
2.643883313413136057e+04
2.638204596401083836e+04
2.632530345306139134e+04
2.626860685791831202e+04
2.621195742302607323e+04
2.615535637998991297e+04
2.609880494737875415e+04
2.604230433156081563e+04
2.598585572604591289e+04
2.592946031146886889e+04
2.587311925551724926e+04
2.581683371320621518e+04
2.576060482678279732e+04
2.570443372534246373e+04
2.564832152512685207e+04
2.559226932962537103e+04
2.553627822932116760e+04
2.548034930173299290e+04
2.542448361115750595e+04
2.536868220965068758e+04
2.531294613598275464e+04
2.525727641564820442e+04
2.520167406175553697e+04
2.514614007446544201e+04
2.509067544099582301e+04
2.503528113562438375e+04
2.497995811995262557e+04
2.492470734281087061e+04
2.486952974056744642e+04
2.481442623616724813e+04
2.475939774029541513e+04
2.470444515130436776e+04
2.464956935462987531e+04
2.459477122296884409e+04
2.454005161687625878e+04
2.448541138417957700e+04
2.443085136076265917e+04
2.437637236958083304e+04
2.432197522149568249e+04
2.426766071518225726e+04
2.421342963738962499e+04
2.415928276233659199e+04
2.410522085207883356e+04
2.405124465701364534e+04
2.399735491557287605e+04
2.394355235427787557e+04
2.388983768772360054e+04
2.383621161867631599e+04
2.378267483825486852e+04
2.372922802657766078e+04
2.367587185137639244e+04
2.362260696930792255e+04
2.356943402540162788e+04
2.351635365385163823e+04
2.346336647736340456e+04
2.341047310737069711e+04
2.335767414418086992e+04
2.330497017707296254e+04
2.325236178471882522e+04
2.319984953492987552e+04
2.314743398434823757e+04
2.309511567891417144e+04
2.304289515429172388e+04
2.299077293551941329e+04
2.293874953735772215e+04
2.288682546366904353e+04
2.283500120834549671e+04
2.278327725509447191e+04
2.273165407747605423e+04
2.268013213914948938e+04
2.262871189362841324e+04
2.257739378450224831e+04
2.252617824554361141e+04
2.247506570106393337e+04
2.242405656594187531e+04
2.237315124512435432e+04
2.232235013405757491e+04
2.227165361887222753e+04
2.222106207675161204e+04
2.217057587552849873e+04
2.212019537411468627e+04
2.206992092180927648e+04
2.201975285945382348e+04
2.196969151887301632e+04
2.191973722310054654e+04
2.186989028698799666e+04
2.182015101629318451e+04
2.177051970833132509e+04
2.172099665163443569e+04
2.167158212710070075e+04
2.162227640718449038e+04
2.157307975595496828e+04
2.152399242973617947e+04
2.147501467633951688e+04
2.142614673578887232e+04
2.137738884062532088e+04
2.132874121545687012e+04
2.128020407733162938e+04
2.123177763557975777e+04
2.118346209203233593e+04
2.113525764086512936e+04
2.108716446919016380e+04
2.103918275702386381e+04
2.099131267728361127e+04
2.094355439527826093e+04
2.089590806985360905e+04
2.084837385208718115e+04
2.080095188691925796e+04
2.075364231261799432e+04
2.070644526048043917e+04
2.065936085544645903e+04
2.061238921531855158e+04
2.056553045188373289e+04
2.051878467031415494e+04
2.047215196972827107e+04
2.042563244302722887e+04
2.037922617713218642e+04
2.033293325248729889e+04
2.028675374352338258e+04
2.024068771875351740e+04
2.019473524111901861e+04
2.014889636747907207e+04
2.010317114958080128e+04
2.005755963315825284e+04
2.001206185807913425e+04
1.996667785907970756e+04
1.992140766499185338e+04
1.987625130004217499e+04
1.983120878294095382e+04
1.978628012690491232e+04
1.974146534058863108e+04
1.969676442687203235e+04
1.965217738412244216e+04
1.960770420549871051e+04
1.956334487909024028e+04
1.951909938897922621e+04
1.947496771379380516e+04
1.943094982822514794e+04
1.938704570183987380e+04
1.934325529932212521e+04
1.929957858148187006e+04
1.925601550418488841e+04
1.921256601967740426e+04
1.916923007549808244e+04
1.912600761528140720e+04
1.908289857797593868e+04
1.903990289896622198e+04
1.899702050899636379e+04
1.895425133507429928e+04
1.891159530045694919e+04
1.886905232448341485e+04
1.882662232301840413e+04
1.878430520772199452e+04
1.874210088671218909e+04
1.870000926439495743e+04
1.865803024152130456e+04
1.861616371540332693e+04
1.857440958015322758e+04
1.853276772619871917e+04
1.849123804080617992e+04
1.844982040792133193e+04
1.840851470817159861e+04
1.836732081886645392e+04
1.832623861436519292e+04
1.828526796560168441e+04
1.824440874072075894e+04
1.820366080497875009e+04
1.816302402069634991e+04
1.812249824724450809e+04
1.808208334136482881e+04
1.804177915636455145e+04
1.800158554340683622e+04
1.796150235046747184e+04
1.792152942314513712e+04
1.788166660467076508e+04
1.784191373520572233e+04
1.780227065314730498e+04
1.776273719385292861e+04
1.772331319017715941e+04
1.768399847304017385e+04
1.764479287071635554e+04
1.760569620874924294e+04
1.756670831115753026e+04
1.752782899972415544e+04
1.748905809382205189e+04
1.745039541075194211e+04
1.741184076581311456e+04
1.737339397219104649e+04
1.733505484096371947e+04
1.729682318138223854e+04
1.725869880028418629e+04
1.722068150344393507e+04
1.718277109425838353e+04
1.714496737452414163e+04
1.710727014428185794e+04
1.706967920182925445e+04
1.703219434389021626e+04
1.699481536484634125e+04
1.695754205823854500e+04
1.692037421543423625e+04
1.688331162642414711e+04
1.684635407987071085e+04
1.680950136280957668e+04
1.677275326096633944e+04
1.673610955878924506e+04
1.669957003865057777e+04
1.666313448240650177e+04
1.662680266989471056e+04
1.659057437979895622e+04
1.655444938957174236e+04
1.651842747550732383e+04
1.648250841273447804e+04
1.644669197522808099e+04
1.641097793602867387e+04
1.637536606665856561e+04
1.633985613752722020e+04
1.630444791854872346e+04
1.626914117790450291e+04
1.623393568296089143e+04
1.619883120042109294e+04
1.616382749531632544e+04
1.612892433257296398e+04
1.609412147612959234e+04
1.605941868874194188e+04
1.602481573220453720e+04
1.599031236826232634e+04
1.595590835703290759e+04
1.592160345834620603e+04
1.588739743059364991e+04
1.585329003205610388e+04
1.581928102033844880e+04
1.578537015180092749e+04
1.575155718304825496e+04
1.571784186941609005e+04
1.568422396563485199e+04
1.565070322650355592e+04
1.561727940579963069e+04
1.558395225627807304e+04
1.555072153079920463e+04
1.551758698149244628e+04
1.548454836019554750e+04
1.545160541762796311e+04
1.541875790504304678e+04
1.538600557268590819e+04
1.535334817048865079e+04
1.532078544818888440e+04
1.528831715499973325e+04
1.525594303991237939e+04
1.522366285166027228e+04
1.519147633811279047e+04
1.515938324730252862e+04
1.512738332711947442e+04
1.509547632475515638e+04
1.506366198709955461e+04
1.503194006162008009e+04
1.500031029490800574e+04
1.496877243359749627e+04
1.493732622438240287e+04
1.490597141308394202e+04
1.487470774607517524e+04
1.484353496958483811e+04
1.481245282898695223e+04
1.478146107047446094e+04
1.475055943919345373e+04
1.471974768120978115e+04
1.468902554184001929e+04
1.465839276661219446e+04
1.462784910107670476e+04
1.459739429082580136e+04
1.456702808135938903e+04
1.453675021844587354e+04
1.450656044726491928e+04
1.447645851379935812e+04
1.444644416326081409e+04
1.441651714173280197e+04
1.438667719472628596e+04
1.435692406798626689e+04
1.432725750729644096e+04
1.429767725912429887e+04
1.426818306976893473e+04
1.423877468510096151e+04
1.420945185182191744e+04
1.418021431665047203e+04
1.415106182670190356e+04
1.412199412846586711e+04
1.409301096959135430e+04
1.406411209692610646e+04
1.403529725851273724e+04
1.400656620181789367e+04
1.397791867480548535e+04
1.394935442570045598e+04
1.392087320299421299e+04
1.389247475544849658e+04
1.386415883209830281e+04
1.383592518225361528e+04
1.380777355576289847e+04
1.377970370201033256e+04
1.375171537171298769e+04
1.372380831479130393e+04
1.369598228249369276e+04
1.366823702563012739e+04
1.364057229534624457e+04
1.361298784378084929e+04
1.358548342275215873e+04
1.355805878472660334e+04
1.353071368240431366e+04
1.350344786936168566e+04
1.347626109848294254e+04
1.344915312411597370e+04
1.342212370072825979e+04
1.339517258260669405e+04
1.336829952533264077e+04
1.334150428385641499e+04
1.331478661469693543e+04
1.328814627377543184e+04
1.326158301751885119e+04
1.323509660362389513e+04
1.320868678936702236e+04
1.318235333270245246e+04
1.315609599211650493e+04
1.312991452655287503e+04
1.310380869569106835e+04
1.307777825883069454e+04
1.305182297657503841e+04
1.302594260999786457e+04
1.300013691979696705e+04
1.297440566827121438e+04
1.294874861706079719e+04
1.292316552941381451e+04
1.289765616819936440e+04
1.287222029675693375e+04
1.284685767977533214e+04
1.282156808159895627e+04
1.279635126737284918e+04
1.277120700277757715e+04
1.274613505408357742e+04
1.272113518830363319e+04
1.269620717207793678e+04
1.267135077349549283e+04
1.264656576125431820e+04
1.262185190353890721e+04
1.259720897003519713e+04
1.257263673102595749e+04
1.254813495653592508e+04
1.252370341738614297e+04
1.249934188553596505e+04
1.247505013285185487e+04
1.245082793180621775e+04
1.242667505569330388e+04
1.240259127810870814e+04
1.237857637350290315e+04
1.235463011663619000e+04
1.233075228300870367e+04
1.230694264870474035e+04
1.228320099020680755e+04
1.225952708504647126e+04
1.223592071040947303e+04
1.221238164483635046e+04
1.218890966751425731e+04
1.216550455731940565e+04
1.214216609490459632e+04
1.211889406055624931e+04
1.209568823509041977e+04
1.207254840087191769e+04
1.204947433994501080e+04
1.202646583525921778e+04
1.200352267036304329e+04
1.198064462940504382e+04
1.195783149713437888e+04
1.193508305890076008e+04
1.191239910065407457e+04
1.188977940894357380e+04
1.186722377091658927e+04
1.184473197463205543e+04
1.182230380779752704e+04
1.179993905965671911e+04
1.177763752005419519e+04
1.175539897851999740e+04
1.173322322640947277e+04
1.171111005469865449e+04
1.168905925494431540e+04
1.166707062029414010e+04
1.164514394364970940e+04
1.162327901872921029e+04
1.160147563951011034e+04
1.157973360170698470e+04
1.155805270060759358e+04
1.153643273231826970e+04
1.151487349379205989e+04
1.149337478273322267e+04
1.147193639649591751e+04
1.145055813417512400e+04
1.142923979488426448e+04
1.140798117865917447e+04
1.138678208613131392e+04
1.136564231789149744e+04
1.134456167610612101e+04
1.132353996255170750e+04
1.130257698063530916e+04
1.128167253325823913e+04
1.126082642522585047e+04
1.124003846083151075e+04
1.121930844522211009e+04
1.119863618495795163e+04
1.117802148626119924e+04
1.115746415641458771e+04
1.113696400320956127e+04
1.111652083499336368e+04
1.109613446084943098e+04
1.107580469045356585e+04
1.105553133403819083e+04
1.103531420239871659e+04
1.101515310701248200e+04
1.099504785995188104e+04
1.097499827422343333e+04
1.095500416240060804e+04
1.093506533867266808e+04
1.091518161781159324e+04
1.089535281417768783e+04
1.087557874412547244e+04
1.085585922324039893e+04
1.083619406909579993e+04
1.081658309883577022e+04
1.079702613020753597e+04
1.077752298260322459e+04
1.075807347497561568e+04
1.073867742687469945e+04
1.071933465949517631e+04
1.070004499358996509e+04
1.068080825087022458e+04
1.066162425362557769e+04
1.064249282473333733e+04
1.062341378765537229e+04
1.060438696643454387e+04
1.058541218569114062e+04
1.056648927069497040e+04
1.054761804764351109e+04
1.052879834218604992e+04
1.051002998160638708e+04
1.049131279384363370e+04
1.047264660642946365e+04
1.045403124840522469e+04
1.043546654940511689e+04
1.041695233877256760e+04
1.039848844768075651e+04
1.038007470641994405e+04
1.036171094754789738e+04
1.034339700284275750e+04
1.032513270479023231e+04
1.030691788761009229e+04
1.028875238477183120e+04
1.027063603065439020e+04
1.025256866092335986e+04
1.023455011109222323e+04
1.021658021724801620e+04
1.019865881638645624e+04
1.018078574572096477e+04
1.016296084338214496e+04
1.014518394768279359e+04
1.012745489787584847e+04
1.010977353342089191e+04
1.009213969461021952e+04
1.007455322258670822e+04
1.005701395781862630e+04
1.003952174271381955e+04
1.002207641959500506e+04
1.000467783183885149e+04
9.987325822363180123e+03
9.970020235918394974e+03
9.952760916405159151e+03
9.935547709485615997e+03
9.918380461300119350e+03
9.901259017674743518e+03
9.884183225124605087e+03
9.867152931833816183e+03
9.850167984991459889e+03
9.833228233744554018e+03
9.816333526724565672e+03
9.799483713489882575e+03
9.782678643741723135e+03
9.765918168846306799e+03
9.749202139547209299e+03
9.732530407463838856e+03
9.715902824781582240e+03
9.699319244227292074e+03
9.682779519056784920e+03
9.666283503053806271e+03
9.649831050528731794e+03
9.633422016317228554e+03
9.617056255778783452e+03
9.600733624795111609e+03
9.584453980156202306e+03
9.568217178008295377e+03
9.552023076175908500e+03
9.535871532611217845e+03
9.519762406168862071e+03
9.503695555044621869e+03
9.487670839110278393e+03
9.471688118745525571e+03
9.455747253658400950e+03
9.439848105623244919e+03
9.423990535363847812e+03
9.408174405693174776e+03
9.392399578316271800e+03
9.376665917002215792e+03
9.360973284824633083e+03
9.345321545340229932e+03
9.329710563804726917e+03
9.314140204866285785e+03
9.298610333575310506e+03
9.283120816644337538e+03
9.267671520073765350e+03
9.252262310877673372e+03
9.236893056512146359e+03
9.221563624819227698e+03
9.206273884136191555e+03
9.191023703478680545e+03
9.175812952156338724e+03
9.160641499896291862e+03
9.145509217145543516e+03
9.130415974672738230e+03
9.115361643604261189e+03
9.100346095842476643e+03
9.085369203505935729e+03
9.070430839182083218e+03
9.055530876586071827e+03
9.040669188297779328e+03
9.025845648945753055e+03
9.011060132950167826e+03
8.996312515682127923e+03
8.981602671839684263e+03
8.966930477564683315e+03
8.952295809781577191e+03
8.937698544261209463e+03
8.923138559278442699e+03
8.908615731502692142e+03
8.894129940111997712e+03
8.879681062699575705e+03
8.865268979297274200e+03
8.850893568889710878e+03
8.836554711034741558e+03
8.822252287024108227e+03
8.807986177116823455e+03
8.793756262375276492e+03
8.779562425135973172e+03
8.765404547244990681e+03
8.751282511324368897e+03
8.737196200230919203e+03
8.723145497159466686e+03
8.709130286757495924e+03
8.695150452833217059e+03
8.681205880252837233e+03
8.667296454125300443e+03
8.653422059932572665e+03
8.639582583775445528e+03
8.625777912112927879e+03
8.612007931636921057e+03
8.598272529644427777e+03
8.584571593863223825e+03
8.570905012370702025e+03
8.557272673971714539e+03
8.543674466762618977e+03
8.530110280524197151e+03
8.516580005015506686e+03
8.503083530745079770e+03
8.489620747373233826e+03
8.476191546304769872e+03
8.462795819344681149e+03
8.449433457415574594e+03
8.436104353115484628e+03
8.422808399408253536e+03
8.409545488373278204e+03
8.396315514237236130e+03
8.383118369904321298e+03
8.369953950385708595e+03
8.356822149364192228e+03
8.343722862630957025e+03
8.330655984642713520e+03
8.317621411966181768e+03
8.304619039826713561e+03
8.291648765561589244e+03
8.278710485592993791e+03
8.265804097156080388e+03
8.252929497431143318e+03
8.240086585277887934e+03
8.227275258630477765e+03
8.214495416231227864e+03
8.201746956759241584e+03
8.189029780572295749e+03
8.176343787092416278e+03
8.163688876549747874e+03
8.151064949545481795e+03
8.138471907049848596e+03
8.125909650400502869e+03
8.113378081300711528e+03
8.100877101817457515e+03
8.088406614379537132e+03
8.075966521775656474e+03
8.063556727152308667e+03
8.051177134022778773e+03
8.038827646305294365e+03
8.026508168230393494e+03
8.014218604371648325e+03
8.001958859650841987e+03
7.989728839779544614e+03
7.977528449485866986e+03
7.965357595269907506e+03
7.953216183488343631e+03
7.941104121237753134e+03
7.929021314614361472e+03
7.916967671395615980e+03
7.904943099847272606e+03
7.892947507125972152e+03
7.880980802007465172e+03
7.869042893601146716e+03
7.857133690192759786e+03
7.845253102086969193e+03
7.833401038026782771e+03
7.821577408927018951e+03
7.809782124444995134e+03
7.798015096119668669e+03
7.786276233986629450e+03
7.774565450493302706e+03
7.762882656418219085e+03
7.751227764550225402e+03
7.739600686968656191e+03
7.728001335879805083e+03
7.716429625038387712e+03
7.704885467538229932e+03
7.693368776465995325e+03
7.681879466613901968e+03
7.670417452026535102e+03
7.658982647073683438e+03
7.647574966386360757e+03
7.636194326062505752e+03
7.624840641077948931e+03
7.613513827502646564e+03
7.602213801239845452e+03
7.590940479026311550e+03
7.579693777405520450e+03
7.568473613647590355e+03
7.557279905014446740e+03
7.546112568803690920e+03
7.534971523915492071e+03
7.523856688154333824e+03
7.512767980631545470e+03
7.501705319251542278e+03
7.490668623723840938e+03
7.479657813492014611e+03
7.468672808336799790e+03
7.457713528379571471e+03
7.446779893872493631e+03
7.435871825640731004e+03
7.424989244398821029e+03
7.414132072105845509e+03
7.403300229077796757e+03
7.392493637830535590e+03
7.381712220294094550e+03
7.370955899353918539e+03
7.360224596870848472e+03
7.349518236028682622e+03
7.338836740771350378e+03
7.328180033513541275e+03
7.317548038529091173e+03
7.306940680528063240e+03
7.296357882687672827e+03
7.285799570237999433e+03
7.275265668632781853e+03
7.264756101899517489e+03
7.254270796579504349e+03
7.243809677516741431e+03
7.233372671446487402e+03
7.222959703820743925e+03
7.212570702205064663e+03
7.202205592265441737e+03
7.191864302079271511e+03
7.181546758152208895e+03
7.171252888935508054e+03
7.160982621744764401e+03
7.150735884326977612e+03
7.140512606084555046e+03
7.130312715050390580e+03
7.120136139649201141e+03
7.109982810059528674e+03
7.099852655283354579e+03
7.089745604900935177e+03
7.079661588319821931e+03
7.069600536721610297e+03
7.059562380106421188e+03
7.049547049181302100e+03
7.039554474778068652e+03
7.029584587602249485e+03
7.019637320073871706e+03
7.009712603425904490e+03
6.999810369610669113e+03
6.989930550792275426e+03
6.980073079326699371e+03
6.970237887898929330e+03
6.960424909439406292e+03
6.950634077117837478e+03
6.940865324342552412e+03
6.931118584759898113e+03
6.921393792249851685e+03
6.911690880890206245e+03
6.902009785032867512e+03
6.892350439278849080e+03
6.882712778463202085e+03
6.873096737654281242e+03
6.863502252153059999e+03
6.853929257492345641e+03
6.844377689436046239e+03
6.834847484462040484e+03
6.825338577827258632e+03
6.815850906467232562e+03
6.806384407062230821e+03
6.796939016519552752e+03
6.787514672457989946e+03
6.778111311266076882e+03
6.768728871010629518e+03
6.759367289499548860e+03
6.750026505249943511e+03
6.740706455540707793e+03
6.731407079329560474e+03
6.722128315795132949e+03
6.712870102872353527e+03
6.703632380175859907e+03
6.694415087540812237e+03
6.685218163551936414e+03
6.676041548962180059e+03
6.666885182784701101e+03
6.657749006201749580e+03
6.648632958653808601e+03
6.639536981260621360e+03
6.630461015356168900e+03
6.621405001013166839e+03
6.612368880476598861e+03
6.603352594727478390e+03
6.594356084954516518e+03
6.585379294025765375e+03
6.576422163049606752e+03
6.567484635319776316e+03
6.558566652402199907e+03
6.549668157996748050e+03
6.540789094523061067e+03
6.531929404600596172e+03
6.523089032527802374e+03
6.514267921320852111e+03
6.505466014191979411e+03
6.496683256092242118e+03
6.487919590699522814e+03
6.479174962317653808e+03
6.470449314947726634e+03
6.461742594267556342e+03
6.453054744659400058e+03
6.444385711283000091e+03
6.435735439001628038e+03
6.427103874265277227e+03
6.418490962220103938e+03
6.409896648692937561e+03
6.401320879797895032e+03
6.392763601881155410e+03
6.384224760836613314e+03
6.375704304231329843e+03
6.367202178342511615e+03
6.358718330329536002e+03
6.350252707366131290e+03
6.341805256749826185e+03
6.333375925970843127e+03
6.324964662940542439e+03
6.316571415576707295e+03
6.308196131885967588e+03
6.299838760107355483e+03
6.291499248911321047e+03
6.283177546875295775e+03
6.274873602700696210e+03
6.266587365507250070e+03
6.258318784577262704e+03
6.250067809129316629e+03
6.241834389176969125e+03
6.233618473656331844e+03
6.225420012820894954e+03
6.217238956641334880e+03
6.209075255619699419e+03
6.200928860043001805e+03
6.192799720380342478e+03
6.184687788173181616e+03
6.176593013196866195e+03
6.168515346964857599e+03
6.160454741027203454e+03
6.152411147123177216e+03
6.144384515870510768e+03
6.136374799753339175e+03
6.128381950448300813e+03
6.120405920811663236e+03
6.112446662072200525e+03
6.104504127008209252e+03
6.096578269054080920e+03
6.088669039691147191e+03
6.080776392541298264e+03
6.072900281226382504e+03
6.065040657805290721e+03
6.057197476529594496e+03
6.049370691167794575e+03
6.041560254747678300e+03
6.033766122012720189e+03
6.025988246051791066e+03
6.018226582215486815e+03
6.010481083648937783e+03
6.002751705707622023e+03
5.995038403256220590e+03
5.987341130489574425e+03
5.979659843083379201e+03
5.971994496024524778e+03
5.964345043814737437e+03
5.956711443215923282e+03
5.949093648590703197e+03
5.941491616942260407e+03
5.933905302988959193e+03
5.926334663997389725e+03
5.918779655009217095e+03
5.911240233590231583e+03
5.903716355577870672e+03
5.896207977333318013e+03
5.888715056480175008e+03
5.881237549737677000e+03
5.873775413416909942e+03
5.866328606139149997e+03
5.858897084448284659e+03
5.851480805756994414e+03
5.844079728429447641e+03
5.836693810136880529e+03
5.829323008587877666e+03
5.821967281583282784e+03
5.814626588389081917e+03
5.807300886804442598e+03
5.799990135630912846e+03
5.792694292722128012e+03
5.785413318302983498e+03
5.778147170530489348e+03
5.770895808696364838e+03
5.763659192097255072e+03
5.756437279915548970e+03
5.749230031488358691e+03
5.742037407194291518e+03
5.734859366512673660e+03
5.727695869439218768e+03
5.720546875810040547e+03
5.713412346149989389e+03
5.706292240566291184e+03
5.699186519576874161e+03
5.692095144010653712e+03
5.685018074297650855e+03
5.677955271499208720e+03
5.670906696723560344e+03
5.663872310830784954e+03
5.656852075320080075e+03
5.649845951615187005e+03
5.642853901013945688e+03
5.635875885401393134e+03
5.628911866573461339e+03
5.621961806224184329e+03
5.615025666600826298e+03
5.608103409923728577e+03
5.601194998242262955e+03
5.594300394145836435e+03
5.587419560301990714e+03
5.580552459124812231e+03
5.573699053504372387e+03
5.566859306524555905e+03
5.560033181597104885e+03
5.553220640783017188e+03
5.546421648045346956e+03
5.539636166862275786e+03
5.532864160542648278e+03
5.526105592831600916e+03
5.519360428157751812e+03
5.512628629339230429e+03
5.505910160756345249e+03
5.499204986657555310e+03
5.492513071408030555e+03
5.485834379851638005e+03
5.479168875303720597e+03
5.472516522997366337e+03
5.465877288278345986e+03
5.459251134943704528e+03
5.452638028320864578e+03
5.446037933557914585e+03
5.439450816452980689e+03
5.432876641330317398e+03
5.426315374010533560e+03
5.419766980533792776e+03
5.413231425567444603e+03
5.406708675463674808e+03
5.400198696671386642e+03
5.393701454003020444e+03
5.387216914611686661e+03
5.380745043712156985e+03
5.374285808204298519e+03
5.367839175095934479e+03
5.361405109832080598e+03
5.354983580050941782e+03
5.348574551505823365e+03
5.342177992165096839e+03
5.335793867992301784e+03
5.329422147165588285e+03
5.323062795799382002e+03
5.316715781661263463e+03
5.310381072724445403e+03
5.304058635479788791e+03
5.297748438637449908e+03
5.291450449422841302e+03
5.285164635165128857e+03
5.278890964847560099e+03
5.272629405405259604e+03
5.266379926066480948e+03
5.260142494046005595e+03
5.253917078778280484e+03
5.247703647678977177e+03
5.241502170385237150e+03
5.235312615043139886e+03
5.229134949899311323e+03
5.222969144860520828e+03
5.216815168343088772e+03
5.210672988898501899e+03
5.204542576769424159e+03
5.198423900705183769e+03
5.192316929553970112e+03
5.186221633855520849e+03
5.180137982654207917e+03
5.174065945092221227e+03
5.168005492003896507e+03
5.161956592725870905e+03
5.155919216691525435e+03
5.149893335027462854e+03
5.143878917353748875e+03
5.137875933914168854e+03
5.131884354529463963e+03
5.125904150713962736e+03
5.119935292478654446e+03
5.113977750462001495e+03
5.108031494863457738e+03
5.102096497576543698e+03
5.096172728988039125e+03
5.090260160111586629e+03
5.084358762053806458e+03
5.078468506013967271e+03
5.072589362749723477e+03
5.066721304712636083e+03
5.060864302843815494e+03
5.055018328709745219e+03
5.049183353967925541e+03
5.043359350366441504e+03
5.037546289743617308e+03
5.031744144027689799e+03
5.025952884701508992e+03
5.020172484942048868e+03
5.014402916410149373e+03
5.008644151390183652e+03
5.002896162254640331e+03
4.997158921463805200e+03
4.991432401565355576e+03
4.985716575194024699e+03
4.980011415071219744e+03
4.974316894004663482e+03
4.968632984888003193e+03
4.962959660700462337e+03
4.957296894506451281e+03
4.951644659460524053e+03
4.946002928812657956e+03
4.940371675885130571e+03
4.934750874083340022e+03
4.929140496896173318e+03
4.923540517895626181e+03
4.917950910736411060e+03
4.912371649155623345e+03
4.906802706972263877e+03
4.901244058086852419e+03
4.895695676481077498e+03
4.890157536755396904e+03
4.884629611976881279e+03
4.879111876906055841e+03
4.873604305880823631e+03
4.868106873318454745e+03
4.862619553686018662e+03
4.857142321529545370e+03
4.851675151473655205e+03
4.846218018760107043e+03
4.840770897092035739e+03
4.835333761865955239e+03
4.829906588016840033e+03
4.824489350585457032e+03
4.819082025280788002e+03
4.813684586200767626e+03
4.808297009131542836e+03
4.802919269395623814e+03
4.797551342390236641e+03
4.792193204126884666e+03
4.786844829073471374e+03
4.781506193487559358e+03
4.776177273125119427e+03
4.770858044300964139e+03
4.765548481781905139e+03
4.760248562026538821e+03
4.754958261025314641e+03
4.749677555415364623e+03
4.744406420401046489e+03
4.739144832752877846e+03
4.733892769295506696e+03
4.728650205300819835e+03
4.723417117731616599e+03
4.718193483680774989e+03
4.712979278805732974e+03
4.707774480297187438e+03
4.702579065403920140e+03
4.697393009817922575e+03
4.692216290935401958e+03
4.687048886415584093e+03
4.681890772228242895e+03
4.676741925966682174e+03
4.671602325290956287e+03
4.666471946314663910e+03
4.661350767609514151e+03
4.656238765493253595e+03
4.651135918437651526e+03
4.646042202809943774e+03
4.640957596737266613e+03
4.635882078623099005e+03
4.630815625061741230e+03
4.625758214852964556e+03
4.620709824693502014e+03
4.615670433779637278e+03
4.610640019076917270e+03
4.605618559642598484e+03
4.600606032422369026e+03
4.595602416806343172e+03
4.590607690120262305e+03
4.585621831673924135e+03
4.580644818662417492e+03
4.575676630727600241e+03
4.570717245480997008e+03
4.565766642480271912e+03
4.560824799164208343e+03
4.555891695503841220e+03
4.550967309311950885e+03
4.546051620385914248e+03
4.541144606974244198e+03
4.536246247781609782e+03
4.531356522923259945e+03
4.526475410253879090e+03
4.521602890019144070e+03
4.516738941183873976e+03
4.511883542350536118e+03
4.507036673795490969e+03
4.502198314113762535e+03
4.497368443894619304e+03
4.492547041937317772e+03
4.487734087342484600e+03
4.482929561122195082e+03
4.478133442255695627e+03
4.473345709871558938e+03
4.468566345255189844e+03
4.463795327624219681e+03
4.459032636205228300e+03
4.454278252453709683e+03
4.449532155850668460e+03
4.444794325757599836e+03
4.440064743767451546e+03
4.435343389612112333e+03
4.430630243349308330e+03
4.425925285086404983e+03
4.421228496405327860e+03
4.416539856975312432e+03
4.411859347090762640e+03
4.407186948496524565e+03
4.402522641027067039e+03
4.397866405746831333e+03
4.393218223416582077e+03
4.388578074059895698e+03
4.383945940069700555e+03
4.379321801725302066e+03
4.374705639833127861e+03
4.370097435348780891e+03
4.365497170234130863e+03
4.360904825071495907e+03
4.356320381458096563e+03
4.351743820319563383e+03
4.347175123235870160e+03
4.342614271159487544e+03
4.338061246309118360e+03
4.333516030099135605e+03
4.328978603878421382e+03
4.324448949180610725e+03
4.319927048062613721e+03
4.315412881841380113e+03
4.310906432105905878e+03
4.306407681728798707e+03
4.301916611825555265e+03
4.297433204800116982e+03
4.292957442232236644e+03
4.288489306482716529e+03
4.284028779634451894e+03
4.279575843601449378e+03
4.275130481054850861e+03
4.270692673805478989e+03
4.266262404560980940e+03
4.261839654991058524e+03
4.257424408501912694e+03
4.253016647375325192e+03
4.248616353682815316e+03
4.244223510506760249e+03
4.239838100074466638e+03
4.235460105323153584e+03
4.231089508959214072e+03
4.226726293563513536e+03
4.222370442362253925e+03
4.218021937763819551e+03
4.213680763223512258e+03
4.209346901252581119e+03
4.205020335279228675e+03
4.200701048146063840e+03
4.196389023050543074e+03
4.192084243296344539e+03
4.187786691838948173e+03
4.183496352362714788e+03
4.179213207722086736e+03
4.174937241819655355e+03
4.170668438100020467e+03
4.166406779461804035e+03
4.162152249496400145e+03
4.157904832203646947e+03
4.153664510846255325e+03
4.149431269368306857e+03
4.145205091296736100e+03
4.140985960487580996e+03
4.136773860746689934e+03
4.132568775845951677e+03
4.128370689844969093e+03
4.124179587025266301e+03
4.119995450549070483e+03
4.115818264702733359e+03
4.111648013908092253e+03
4.107484681941014060e+03
4.103328253354024127e+03
4.099178711987106908e+03
4.095036043049258296e+03
4.090900229366480744e+03
4.086771256232836095e+03
4.082649107678496875e+03
4.078533768511300877e+03
4.074425222889573433e+03
4.070323456207231629e+03
4.066228451680648504e+03
4.062140194703868929e+03
4.058058669790263593e+03
4.053983861737972347e+03
4.049915755859971796e+03
4.045854335761800485e+03
4.041799587029852773e+03
4.037751494271048159e+03
4.033710043331640918e+03
4.029675217649302340e+03
4.025647003285759183e+03
4.021625384764830869e+03
4.017610348293536390e+03
4.013601877367398174e+03
4.009599958234270161e+03
4.005604575680486505e+03
4.001615715858034037e+03
3.997633362799106635e+03
3.993657502408657365e+03
3.989688120830612661e+03
3.985725202041218836e+03
3.981768732542774615e+03
3.977818697314153269e+03
3.973875083006394561e+03
3.969937873637234134e+03
3.966007055739436055e+03
3.962082615413674830e+03
3.958164537183743050e+03
3.954252807688068060e+03
3.950347412798838832e+03
3.946448337791805898e+03
3.942555568595580098e+03
3.938669092033489960e+03
3.934788892864370155e+03
3.930914958030471098e+03
3.927047272864650495e+03
3.923185823472689208e+03
3.919330597023314112e+03
3.915481578212742534e+03
3.911638753886563336e+03
3.907802111059987055e+03
3.903971634449168050e+03
3.900147311977485515e+03
3.896329128465630674e+03
3.892517071023881726e+03
3.888711126814118870e+03
3.884911280760324644e+03
3.881117520962199706e+03
3.877329832464068659e+03
3.873548203051988366e+03
3.869772618499356668e+03
3.866003066072822548e+03
3.862239531806235846e+03
3.858482002754955374e+03
3.854730466127060936e+03
3.850984908018841907e+03
3.847245315874680728e+03
3.843511675736251163e+03
3.839783975738469053e+03
3.836062201305962844e+03
3.832346340963042167e+03
3.828636380392054889e+03
3.824932307639241117e+03
3.821234109091286882e+03
3.817541772530637445e+03
3.813855284172022948e+03
3.810174632576928161e+03
3.806499803393064667e+03
3.802830785294596808e+03
3.799167564585374294e+03
3.795510129291736575e+03
3.791858466604226123e+03
3.788212563336422591e+03
3.784572407726101574e+03
3.780937986535190248e+03
3.777309288216723871e+03
3.773686299012485961e+03
3.770069007982541734e+03
3.766457401409558770e+03
3.762851467909944859e+03
3.759251194973465317e+03
3.755656569521821439e+03
3.752067580286140583e+03
3.748484214292332581e+03
3.744906460247672385e+03
3.741334305296062666e+03
3.737767737100843988e+03
3.734206744548394909e+03
3.730651314251837903e+03
3.727101435612119076e+03
3.723557096073240245e+03
3.720018282801067471e+03
3.716484985264999978e+03
3.712957191131483341e+03
3.709434887589648042e+03
3.705918064143928859e+03
3.702406708664516827e+03
3.698900808440358105e+03
3.695400352951472996e+03
3.691905330217811297e+03
3.688415727772931405e+03
3.684931534980005381e+03
3.681452739945395024e+03
3.677979330575599761e+03
3.674511296083157958e+03
3.671048624624111653e+03
3.667591304376432163e+03
3.664139324647039757e+03
3.660692673499860575e+03
3.657251339230887424e+03
3.653815311561289491e+03
3.650384578311176028e+03
3.646959128393218180e+03
3.643538950189936259e+03
3.640124033263414276e+03
3.636714365841506151e+03
3.633309936407386431e+03
3.629910734999340548e+03
3.626516749601809806e+03
3.623127969265077354e+03
3.619744382577348915e+03
3.616365979548878840e+03
3.612992748376294912e+03
3.609624678271954053e+03
3.606261758479561195e+03
3.602903977352201309e+03
3.599551324976162505e+03
3.596203790123654471e+03
3.592861362136954995e+03
3.589524029438193793e+03
3.586191782287464321e+03
3.582864609559847850e+03
3.579542500701292283e+03
3.576225444808806515e+03
3.572913430598632658e+03
3.569606448703950264e+03
3.566304488125887929e+03
3.563007538137149822e+03
3.559715588057978948e+03
3.556428627519793281e+03
3.553146645626050486e+03
3.549869632981993618e+03
3.546597578369417079e+03
3.543330471508784740e+03
3.540068302155889796e+03
3.536811060036382514e+03
3.533558734557895605e+03
3.530311314920777932e+03
3.527068792084056440e+03
3.523831155375460185e+03
3.520598394461202133e+03
3.517370499007417493e+03
3.514147458969927357e+03
3.510929264327821784e+03
3.507715905054056293e+03
3.504507370280445230e+03
3.501303651065158647e+03
3.498104736934684752e+03
3.494910617990014998e+03
3.491721284281971293e+03
3.488536725630392084e+03
3.485356932171325752e+03
3.482181894103901413e+03
3.479011601649957356e+03
3.475846044973241533e+03
3.472685214040265691e+03
3.469529099118300564e+03
3.466377689975061458e+03
3.463230978054932621e+03
3.460088953125189619e+03
3.456951605286495123e+03
3.453818924903114748e+03
3.450690902412918604e+03
3.447567528276095800e+03
3.444448792971961211e+03
3.441334686787479313e+03
3.438225200121500166e+03
3.435120323529579764e+03
3.432020047589403021e+03
3.428924362900755568e+03
3.425833260037410128e+03
3.422746729401771063e+03
3.419664761631672718e+03
3.416587347421143477e+03
3.413514477486115084e+03
3.410446142564396268e+03
3.407382333346499308e+03
3.404323040404004132e+03
3.401268254531053117e+03
3.398217966558549051e+03
3.395172167339063890e+03
3.392130847746817381e+03
3.389093998642478255e+03
3.386061610744527115e+03
3.383033674965463888e+03
3.380010182271422309e+03
3.376991123649977453e+03
3.373976490110107989e+03
3.370966272682162526e+03
3.367960462854205616e+03
3.364959050477054916e+03
3.361962027201280762e+03
3.358969384147787878e+03
3.355981112458655389e+03
3.352997203297066335e+03
3.350017647847239004e+03
3.347042437205060651e+03
3.344071562500198979e+03
3.341105014985153048e+03
3.338142785933339837e+03
3.335184866639055599e+03
3.332231248968195814e+03
3.329281923155455843e+03
3.326336881080746480e+03
3.323396113987468198e+03
3.320459613259891739e+03
3.317527370321659419e+03
3.314599376617004509e+03
3.311675623610724870e+03
3.308756102788128828e+03
3.305840806205735589e+03
3.302929724274320506e+03
3.300022848978013371e+03
3.297120171863353789e+03
3.294221684522151463e+03
3.291327378566488278e+03
3.288437245628659639e+03
3.285551277911784837e+03
3.282669465987635249e+03
3.279791802099202869e+03
3.276918277944346755e+03
3.274048885163668274e+03
3.271183615497604478e+03
3.268322461273521640e+03
3.265465413187580452e+03
3.262612463606432812e+03
3.259763604366468371e+03
3.256918827323838286e+03
3.254078124904654942e+03
3.251241487904521364e+03
3.248408908779870217e+03
3.245580379394742977e+03
3.242755891690653698e+03
3.239935438195273036e+03
3.237119009805793212e+03
3.234306599088237363e+03
3.231498198078350924e+03
3.228693798831221557e+03
3.225893393971491150e+03
3.223096974492827030e+03
3.220304533057773369e+03
3.217516061798348801e+03
3.214731553399577479e+03
3.211950998884996352e+03
3.209174390993123325e+03
3.206401721935516434e+03
3.203632984492583091e+03
3.200868169814815246e+03
3.198107270719850021e+03
3.195350279495006362e+03
3.192597188996267960e+03
3.189847990449614372e+03
3.187102676747902933e+03
3.184361240253559117e+03
3.181623673897631761e+03
3.178889968980657159e+03
3.176160118469949339e+03
3.173434115327823747e+03
3.170711950897321913e+03
3.167993618203349342e+03
3.165279109740462445e+03
3.162568418571392158e+03
3.159861536128426906e+03
3.157158455510069871e+03
3.154459169833508895e+03
3.151763670586303306e+03
3.149071950921130792e+03
3.146384004009325963e+03
3.143699821393180628e+03
3.141019396279242301e+03
3.138342721892674490e+03
3.135669789829977617e+03
3.133000593351242060e+03
3.130335125735160545e+03
3.127673378631890500e+03
3.125015345354758665e+03
3.122361019235662297e+03
3.119710391977874224e+03
3.117063456945644248e+03
3.114420207514634058e+03
3.111780635440714377e+03
3.109144734143979804e+03
3.106512497062959483e+03
3.103883916006760501e+03
3.101258984447582861e+03
3.098637695876024281e+03
3.096020042152564201e+03
3.093406017349879676e+03
3.090795613364198744e+03
3.088188823752926510e+03
3.085585642091793943e+03
3.082986060327480118e+03
3.080390072616967700e+03
3.077797670942069544e+03
3.075208848944449528e+03
3.072623600284039640e+03
3.070041916992169263e+03
3.067463793309379525e+03
3.064889221301511952e+03
3.062318194693545138e+03
3.059750707228654392e+03
3.057186751021252803e+03
3.054626320394690538e+03
3.052069407497265729e+03
3.049516006136298529e+03
3.046966110137249416e+03
3.044419711696032209e+03
3.041876805218034406e+03
3.039337382932430046e+03
3.036801439276098336e+03
3.034268966511215694e+03
3.031739959106033439e+03
3.029214409355473435e+03
3.026692311211504148e+03
3.024173658644103398e+03
3.021658443994077061e+03
3.019146661810289515e+03
3.016638304465655438e+03
3.014133366539951567e+03
3.011631840437942174e+03
3.009133720770184937e+03
3.006638999973039517e+03
3.004147672687710383e+03
3.001659731381891106e+03
2.999175170727302884e+03
2.996693983222720362e+03
2.994216163570252320e+03
2.991741704299493904e+03
2.989270600142766398e+03
2.986802843660246253e+03
2.984338429614337201e+03
2.981877350595537337e+03
2.979419601396192775e+03
2.976965174636871780e+03
2.974514065139716422e+03
2.972066265555098653e+03
2.969621770736203871e+03
2.967180573373272637e+03
2.964742668350903841e+03
2.962308048379683896e+03
2.959876708371797122e+03
2.957448641066926484e+03
2.955023841406599331e+03
2.952602302159321880e+03
2.950184018295820351e+03
2.947768983159641266e+03
2.945357190111144519e+03
2.942948634161786231e+03
2.940543308153788985e+03
2.938141207127446705e+03
2.935742323952882998e+03
2.933346653699094531e+03
2.930954189263835360e+03
2.928564925744656648e+03
2.926178856612868003e+03
2.923795975355873452e+03
2.921416277110973169e+03
2.919039754846657615e+03
2.916666403728420391e+03
2.914296216767969781e+03
2.911929189184153074e+03
2.909565314547207890e+03
2.907204586442784148e+03
2.904847000105914958e+03
2.902492548602780971e+03
2.900141227196260388e+03
2.897793029524286339e+03
2.895447949239980517e+03
2.893105981644908297e+03
2.890767119872393323e+03
2.888431359251476806e+03
2.886098693486499087e+03
2.883769116296592529e+03
2.881442623048930727e+03
2.879119206945872065e+03
2.876798863430786241e+03
2.874481586290902214e+03
2.872167369312860956e+03
2.869856207931461540e+03
2.867548095957830355e+03
2.865243027217315102e+03
2.862940997182009596e+03
2.860641999701459099e+03
2.858346028639173255e+03
2.856053079504217294e+03
2.853763145639261893e+03
2.851476222579718979e+03
2.849192304253533166e+03
2.846911384656841619e+03
2.844633459372562811e+03
2.842358522352538330e+03
2.840086567561981610e+03
2.837817590612264667e+03
2.835551585491790320e+03
2.833288546202084490e+03
2.831028468390350099e+03
2.828771346081016418e+03
2.826517173311388888e+03
2.824265945780680340e+03
2.822017657640591551e+03
2.819772303525236111e+03
2.817529877523552841e+03
2.815290375366960689e+03
2.813053791166686551e+03
2.810820119046303262e+03
2.808589354772021125e+03
2.806361492489406373e+03
2.804136526356143349e+03
2.801914452197643641e+03
2.799695264304357806e+03
2.797478957428306330e+03
2.795265525776890627e+03
2.793054965198419268e+03
2.790847269921659063e+03
