4.555598775467536825e+02
2.983693330990744471e+03
3.721809306723037935e+03
4.235559135252267879e+03
4.599490731365158354e+03
4.875957612116891141e+03
5.112184572607450718e+03
5.303528079076480935e+03
5.460437666039728356e+03
5.592390055760565701e+03
5.707065577036061768e+03
5.810594019819222922e+03
5.907827050466902620e+03
6.002595539786564586e+03
6.097932793710020633e+03
6.196258380088564081e+03
6.299524861485418114e+03
6.409332798458131947e+03
6.527019964761961091e+03
6.653730224310554149e+03
6.790466679685172494e+03
6.938132946109428303e+03
7.097565528929239917e+03
7.269559514154817407e+03
7.454889502972039736e+03
7.654326845407083056e+03
7.868654240526880130e+03
8.098678208254497804e+03
8.345239774094949098e+03
8.609223487815232147e+03
8.891564794279065609e+03
9.193255491500116477e+03
9.515347178137270021e+03
9.858952264909859878e+03
1.022524234492370124e+04
1.061544355196235665e+04
1.103082884284898137e+04
1.147270686507755818e+04
1.194240757133401348e+04
1.244126460946316729e+04
1.297059477046346910e+04
1.353167497771396847e+04
1.412571736963826334e+04
1.475384314497681771e+04
1.541705618723680891e+04
1.611621718963768217e+04
1.685201914745500471e+04
1.762496537495507800e+04
1.843535057783031152e+04
1.928324585406532788e+04
2.016848821784611573e+04
2.109067485804347962e+04
2.204916275826677156e+04
2.304307307416166441e+04
2.407130100388114442e+04
2.513252982054973472e+04
2.622524936460531899e+04
2.734777807268668039e+04
2.849828745989756862e+04
2.967482918892838279e+04
3.087536271815052532e+04
3.209778361361721545e+04
3.333995163030663389e+04
3.459971722607368429e+04
3.587494689378868497e+04
3.716354606095483177e+04
3.846347934078957041e+04
3.977278833139444032e+04
4.108960630806421250e+04
4.241217003340717201e+04
4.373882872358353779e+04
4.506805030956498376e+04
4.639842519779779832e+04
4.772866777520506730e+04
4.905761592950996419e+04
5.038422894896371872e+04
5.170758392568236741e+04
5.302687088994708756e+04
5.434138746997326962e+04
5.565053257449543162e+04
5.695379959957713436e+04
5.825076990055754140e+04
5.954110527242299577e+04
6.082454147482699045e+04
6.210088124137549312e+04
6.336998787568992702e+04
6.463177844597849617e+04
6.588621880585887993e+04
6.713331701413166593e+04
6.837311894683638820e+04
6.960570308157031832e+04
7.083117634546683985e+04
7.204966982389202167e+04
7.326133548858926224e+04
7.446634261551224336e+04
7.566487518515333068e+04
7.685712879076377430e+04
7.804330845017058891e+04
7.922362684039978194e+04
8.039830206002749037e+04
8.156755621805087139e+04
8.273161393084138399e+04
8.389070132407799247e+04
8.504504461656727653e+04
8.619486923122934240e+04
8.734039972909800417e+04
8.848185797597173951e+04
8.961946356888186710e+04
9.075343290647790127e+04
9.188397894505767908e+04
9.301131107148085721e+04
9.413563418222886685e+04
9.525714929821286933e+04
9.637605316200703965e+04
9.749253794567090517e+04
9.860679136056517018e+04
9.971899646501221287e+04
1.008293317496536474e+05
1.019379714742783108e+05
1.030450851520123106e+05
1.041508380036136077e+05
1.052553906067215721e+05
1.063588997071428457e+05
1.074615175462105253e+05
1.085633921751824673e+05
1.096646677631710918e+05
1.107654845406802633e+05
1.118659789108066761e+05
1.129662835560183885e+05
1.140665277694837423e+05
1.151668370829948835e+05
1.162673335770422709e+05
1.173681361831163958e+05
1.184693611735986196e+05
1.195711206904871215e+05
1.206735248555879807e+05
1.217766804403784336e+05
1.228806916185856826e+05
1.239856598540005361e+05
1.250916841488569044e+05
1.261988606248907890e+05
1.273072838768388028e+05
1.284170450324305712e+05
1.295282338606242411e+05
1.306409378543122730e+05
1.317552419436504424e+05
1.328712295214625192e+05
1.339889823212536867e+05
1.351085794234132045e+05
1.362300985704360646e+05
1.373536158818205004e+05
1.384792059497195005e+05
1.396069411846044532e+05
1.407368928004187183e+05
1.418691305238119385e+05
1.430037227885611937e+05
1.441407365872258961e+05
1.452802372592728643e+05
1.464222890912318835e+05
1.475669551270337834e+05
1.487142972133264702e+05
1.498643762102727778e+05
1.510172516834616545e+05
1.521729819636163593e+05
1.533316245055478066e+05
1.544932357572483888e+05
1.556578711974376347e+05
1.568255853634860250e+05
1.579964322158567375e+05
1.591704642005326750e+05
1.603477332121795625e+05
1.615282903362937504e+05
1.627121858658017591e+05
1.638994693250039709e+05
1.650901896848141041e+05
1.662843950200448744e+05
1.674821325036472408e+05
1.686834488242501393e+05
1.698883900158179167e+05
1.710970014777124452e+05
1.723093282891316048e+05
1.735254145201128558e+05
1.747453036201706564e+05
1.759690386365799641e+05
1.771966620716869074e+05
1.784282161661958962e+05
1.796637423980934254e+05
1.809032814600337297e+05
1.821468738254105556e+05
1.833945594963235490e+05
1.846463786176072899e+05
1.859023697388093860e+05
1.871625714898423175e+05
1.884270221094928856e+05
1.896957600648238440e+05
1.909688222532168147e+05
1.922462456255854340e+05
1.935280669914971513e+05
1.948143231481681869e+05
1.961050493786243314e+05
1.974002812494254613e+05
1.987000547134627122e+05
2.000044041350337502e+05
2.013133638989234751e+05
2.026269689011781593e+05
2.039452527713693853e+05
2.052682487983362516e+05
2.065959910857208597e+05
2.079285122031501087e+05
2.092658445980412362e+05
2.106080218518550391e+05
2.119550751132562873e+05
2.133070366683160246e+05
2.146639386017668876e+05
2.160258114971416362e+05
2.173926876195606892e+05
2.187645969904763915e+05
2.201415706916274212e+05
2.215236392944997060e+05
2.229108324639104248e+05
2.243031811710275651e+05
2.257007139164722466e+05
2.271034617211277946e+05
2.285114524574976240e+05
2.299247165130529320e+05
2.313432816899168829e+05
2.327671777066050854e+05
2.341964321105483687e+05
2.356310741678418999e+05
2.370711309768365754e+05
2.385166315741646104e+05
2.399676024090935825e+05
2.414240725167458586e+05
2.428860676986718609e+05
2.443536165926429094e+05
2.458267449896553298e+05
2.473054804932550178e+05
2.487898494472317107e+05
2.502798780868950125e+05
2.517755935605889827e+05
2.532770208330884343e+05
2.547841871081354620e+05
2.562971173562414479e+05
2.578158372340060887e+05
2.593403731259974884e+05
2.608707492141951225e+05
2.624069914534857380e+05
2.639491248583946144e+05
2.654971736312726280e+05
2.670511634696808760e+05
2.686111184979021782e+05
2.701770627228774247e+05
2.717490213593345252e+05
2.733270181370546343e+05
2.749110766411718214e+05
2.765012213689638302e+05
2.780974761655735201e+05
2.796998639635193394e+05
2.813084082882203511e+05
2.829231336366866017e+05
2.845440620398775791e+05
2.861712165866958094e+05
2.878046205967523856e+05
2.894442973214512458e+05
2.910902686682268977e+05
2.927425572097605327e+05
2.944011856610365794e+05
2.960661768804132589e+05
2.977375522558303783e+05
2.994153338634595275e+05
3.010995436568727018e+05
3.027902041806839406e+05
3.044873367012100643e+05
3.061909625386256375e+05
3.079011031710696407e+05
3.096177799572500517e+05
3.113410146466745064e+05
3.130708282260475098e+05
3.148072413313584402e+05
3.165502748617375619e+05
3.182999496043617837e+05
3.200562862342980807e+05
3.218193057011094061e+05
3.235890284320976934e+05
3.253654743943130015e+05
3.271486638198697474e+05
3.289386168361122836e+05
3.307353534598163678e+05
3.325388936014469946e+05
3.343492570665826788e+05
3.361664641008489416e+05
3.379905337902157335e+05
3.398214855687651434e+05
3.416593388230912387e+05
3.435041128347771009e+05
3.453558267854110454e+05
3.472144997534941067e+05
3.490801507167411037e+05
3.509527985516801709e+05
3.528324620358081884e+05
3.547191598495893995e+05
3.566129108680735808e+05
3.585137333377181203e+05
3.604216455625539529e+05
3.623366658252459601e+05
3.642588123148005689e+05
3.661881031290926621e+05
3.681245562639900600e+05
3.700681896217701142e+05
3.720190210114140064e+05
3.739770681496968027e+05
3.759423486576688010e+05
3.779148800620583352e+05
3.798946798007155303e+05
3.818817652189218206e+05
3.838761535682920949e+05
3.858778620106436429e+05
3.878869076178890537e+05
3.899033073762095883e+05
3.919270781726886635e+05
3.939582368106220383e+05
3.959968000101970392e+05
3.980427843963385676e+05
4.000962065074511920e+05
4.021570827955544810e+05
4.042254296294577071e+05
4.063012632881915197e+05
4.083845999655868509e+05
4.104754557665759348e+05
4.125738467201593448e+05
4.146797887667305768e+05
4.167932977574130637e+05
4.189143894648265559e+05
4.210430795815796591e+05
4.231793837120129028e+05
4.253233173826151178e+05
4.274748960307175876e+05
4.296341350215699640e+05
4.318010496362639824e+05
4.339756550744905835e+05
4.361579664515355253e+05
4.383479988096752786e+05
4.405457671136473073e+05
4.427512863126069424e+05
4.449645714750451734e+05
4.471856370082445792e+05
4.494144975611575646e+05
4.516511677070742007e+05
4.538956619420899660e+05
4.561479946752320975e+05
4.584081802545642713e+05
4.606762329457689775e+05
4.629521669436581433e+05
4.652359963595859590e+05
4.675277352349445573e+05
4.698273975390957785e+05
4.721349971685464843e+05
4.744505479469724814e+05
4.767740636191181839e+05
4.791055582554538851e+05
4.814450453032497899e+05
4.837925380776448874e+05
4.861480500370576046e+05
4.885115945707304636e+05
4.908831849939180538e+05
4.932628345621144399e+05
4.956505564548567636e+05
4.980463637818806455e+05
5.004502695844092523e+05
5.028622868322129361e+05
5.052824284306518384e+05
5.077107074216236942e+05
5.101471369436074165e+05
5.125917291409195750e+05
5.150444966423002188e+05
5.175054520184244029e+05
5.199746077751260018e+05
5.224519763516393141e+05
5.249375701147638028e+05
5.274314013696940383e+05
5.299334823528927518e+05
5.324438252495934721e+05
5.349624421765538864e+05
5.374893460424526129e+05
5.400245479845298687e+05
5.425680599168613553e+05
5.451198937022656901e+05
5.476800611399270128e+05
5.502485739756218391e+05
5.528254438773358706e+05
5.554106824562135153e+05
5.580043012676681392e+05
5.606063117985670688e+05
5.632167255998677574e+05
5.658355547591473442e+05
5.684628097708876012e+05
5.710985018883717712e+05
5.737426423034358304e+05
5.763952421527295373e+05
5.790563125147327082e+05
5.817258644161231350e+05
5.844039088193140924e+05
5.870904566254602978e+05
5.897855186768351123e+05
5.924891058999854140e+05
5.952012297335892217e+05
5.979219000409615692e+05
6.006511274422884453e+05
6.033889224997232668e+05
6.061352957277884707e+05
6.088902575794348959e+05
6.116538184695381206e+05
6.144259887470882386e+05
6.172067787138058338e+05
6.199961986111924052e+05
6.227942586273340276e+05
6.256009694368399214e+05
6.284163409954417730e+05
6.312403829318807693e+05
6.340731052312882384e+05
6.369145178192411549e+05
6.397646305788235040e+05
6.426234533248967491e+05
6.454909958325918997e+05
6.483672678357613040e+05
6.512522790077200625e+05
6.541460389866336482e+05
6.570485573390299687e+05
6.599598435893203132e+05
6.628799078636016930e+05
6.658087591802433599e+05
6.687464066851710668e+05
6.716928597062987974e+05
6.746481275323636364e+05
6.776122194112095749e+05
6.805851445184537442e+05
6.835669120056321844e+05
6.865575309542163741e+05
6.895570104159651091e+05
6.925653594079257455e+05
6.955825868818894960e+05
6.986087017617111560e+05
7.016437129019384738e+05
7.046876291260443395e+05
7.077404592020207783e+05
7.108022125204722397e+05
7.138728971664630808e+05
7.169525217287729029e+05
7.200410948104101699e+05
7.231386249650969403e+05
7.262451207052847603e+05
7.293605904888167279e+05
7.324850427469324786e+05
7.356184858633014373e+05
7.387609281822998310e+05
7.419123780093248934e+05
7.450728436052616453e+05
7.482423331798620056e+05
7.514208549116778886e+05
7.546084169311214937e+05
7.578050273284723517e+05
7.610106941560585983e+05
7.642254254305629293e+05
7.674492291213187855e+05
7.706821131706086453e+05
7.739240854716061149e+05
7.771751538741521072e+05
7.804353261886747787e+05
7.837046101889231941e+05
7.869830136014741147e+05
7.902705441398466937e+05
7.935672094555017538e+05
7.968730171815124340e+05
8.001879749022792093e+05
8.035120901549274568e+05
8.068453704601000063e+05
8.101878232704793336e+05
8.135394560252588708e+05
8.169002761303784791e+05
8.202702909366422100e+05
8.236495077715072548e+05
8.270379339451974956e+05
8.304355767013147706e+05
8.338424432487681042e+05
8.372585407714426983e+05
8.406838764157025144e+05
8.441184572891928256e+05
8.475622904677245533e+05
8.510153829970699735e+05
8.544777418824392371e+05
8.579493741168419365e+05
8.614302866221446311e+05
8.649204863101618830e+05
8.684199800494499505e+05
8.719287746741588926e+05
8.754468769853047561e+05
8.789742937447241275e+05
8.825110317131273914e+05
8.860570975814816775e+05
8.896124980355575681e+05
8.931772397202338325e+05
8.967513292387269903e+05
9.003347731686885236e+05
9.039275780486813746e+05
9.075297503781507257e+05
9.111412966586586554e+05
9.147622233187562088e+05
9.183925367900026031e+05
9.220322434660487343e+05
9.256813501553088427e+05
9.293398635122221895e+05
9.330077891096650856e+05
9.366851332112326054e+05
9.403719020392928505e+05
9.440681018069605343e+05
9.477737386990226805e+05
9.514888188408893766e+05
9.552133483653924195e+05
9.589473333662783261e+05
9.626907798913337756e+05
9.664436939983210759e+05
9.702060816720955772e+05
9.739779495867919177e+05
9.777593041527713649e+05
9.815501501875420799e+05
9.853504935483366717e+05
9.891603401104187360e+05
9.929796956941313110e+05
9.968085661311808508e+05
1.000646957191218855e+06
1.004494874614910921e+06
1.008352324148362270e+06
1.012219313025498763e+06
1.016095846263795393e+06
1.019981928679641685e+06
1.023877565858668997e+06
1.027782763386499602e+06
1.031697526851008995e+06
1.035621861776463455e+06
1.039555773674623808e+06
1.043499269628370297e+06
1.047452354895059019e+06
1.051415033581612166e+06
1.055387311102451989e+06
1.059369192841124954e+06
1.063360684144017752e+06
1.067361790342215449e+06
1.071372518378594657e+06
1.075392873701145174e+06
1.079422859852904687e+06
1.083462482060457580e+06
1.087511745517122094e+06
1.091570655420355499e+06
1.095639217491064919e+06
1.099717439647001214e+06
1.103805323742359644e+06
1.107902874859329080e+06
1.112010098040367942e+06
1.116126998352111783e+06
1.120253582271072082e+06
1.124389856183433207e+06
1.128535822297461331e+06
1.132691485528999707e+06
1.136856850837206934e+06
1.141031923089702846e+06
1.145216711831073510e+06
1.149411217488730093e+06
1.153615444769247668e+06
1.157829398473348469e+06
1.162053083385686390e+06
1.166286509203171823e+06
1.170529676092818147e+06
1.174782588500281330e+06
1.179045241410837742e+06
1.183317669923321577e+06
1.187599852673980873e+06
1.191891799741858849e+06
1.196193515749999322e+06
1.200505005256604403e+06
1.204826277233360568e+06
1.209157333554881159e+06
1.213498177140692249e+06
1.217848812486874172e+06
1.222209246987036429e+06
1.226579485763286008e+06
1.230959529782282421e+06
1.235349383503390476e+06
1.239749053792410996e+06
1.244158546932161553e+06
1.248577863028985914e+06
1.253007006421794416e+06
1.257445984607478604e+06
1.261894802820902085e+06
1.266353461351316888e+06
1.270821964452623390e+06
1.275300321362319635e+06
1.279788534012214979e+06
1.284286603988439310e+06
1.288794535588290310e+06
1.293312340804484440e+06
1.297840015988896834e+06
1.302377565282842843e+06
1.306924996748972451e+06
1.311482314982838230e+06
1.316049519701255718e+06
1.320626615410506260e+06
1.325213613995295484e+06
1.329810511313667987e+06
1.334417311311791418e+06
1.339034024592557456e+06
1.343660651134717278e+06
1.348297192329486366e+06
1.352943656801982084e+06
1.357600048702175030e+06
1.362266367116411449e+06
1.366942619264501845e+06
1.371628812266300665e+06
1.376324943463115487e+06
1.381031019352470059e+06
1.385747048709918978e+06
1.390473027780372184e+06
1.395208963035677327e+06
1.399954863499607192e+06
1.404710725025749300e+06
1.409476554835374234e+06
1.414252360682438593e+06
1.419038138757779263e+06
1.423833897886011284e+06
1.428639642917634686e+06
1.433455371252991492e+06
1.438281094011513516e+06
1.443116811669666553e+06
1.447962523539715679e+06
1.452818243854734814e+06
1.457683967125642579e+06
1.462559697473961161e+06
1.467445446727239760e+06
1.472341208110311301e+06
1.477246991660860134e+06
1.482162800592651358e+06
1.487088632144029019e+06
1.492024501703051385e+06
1.496970402084044181e+06
1.501926339989415137e+06
1.506892323393597733e+06
1.511868346597611904e+06
1.516854424360586097e+06
1.521850551411482273e+06
1.526856733123572776e+06
1.531872977860024665e+06
1.536899279270148603e+06
1.541935653673012508e+06
1.546982093151076231e+06
1.552038606339047197e+06
1.557105197400018573e+06
1.562181863081662683e+06
1.567268619121693773e+06
1.572365454800955718e+06
1.577472385264111450e+06
1.582589405675712042e+06
1.587716522525697714e+06
1.592853740753320511e+06
1.598001057404926745e+06
1.603158486519201193e+06
1.608326017510575475e+06
1.613503669091179036e+06
1.618691430130446795e+06
1.623889314458461478e+06
1.629097318272597855e+06
1.634315448345007142e+06
1.639543707541243639e+06
1.644782096247891430e+06
1.650030623327398906e+06
1.655289283416360617e+06
1.660558090767142130e+06
1.665837035008207196e+06
1.671126134870611131e+06
1.676425376097615343e+06
1.681734780406994047e+06
1.687054332203636412e+06
1.692384051974992035e+06
1.697723926427218830e+06
1.703073973939786898e+06
1.708434182952727191e+06
1.713804570556460647e+06
1.719185125948204426e+06
1.724575865698179230e+06
1.729976779162466759e+06
1.735387883163719904e+06
1.740809166229209397e+06
1.746240646440381650e+06
1.751682310677621281e+06
1.757134178954571020e+06
1.762596235699917655e+06
1.768068503765741130e+06
1.773550965998887317e+06
1.779043643883307464e+06
1.784546523479088442e+06
1.790059622097178595e+06
1.795582930623904569e+06
1.801116461017158814e+06
1.806660209890961181e+06
1.812214183051804779e+06
1.817778383674946381e+06
1.823352810342326527e+06
1.828937473989564460e+06
1.834532364914984442e+06
1.840137502764069242e+06
1.845752871897035744e+06
1.851378491706427187e+06
1.857014351661889814e+06
1.862660462319582468e+06
1.868316824065910652e+06
1.873983435948911356e+06
1.879660310294616735e+06
1.885347435210143682e+06
1.891044831521804677e+06
1.896752485245738178e+06
1.902470408564527519e+06
1.908198601824620971e+06
1.913937062206775881e+06
1.919685805579559878e+06
1.925444818230285309e+06
1.931214116945748217e+06
1.936993695459048264e+06
1.942783556109446799e+06
1.948583710892512230e+06
1.954394147969781887e+06
1.960214884441039758e+06
1.966045913155058865e+06
1.971887235932939220e+06
1.977738866419131169e+06
1.983600792074954603e+06
1.989473027294700500e+06
1.995355569861437660e+06
2.001248415176188108e+06
2.007151584502984770e+06
2.013065061676829588e+06
2.018988855245245853e+06
2.024922974071937148e+06
2.030867408161893953e+06
2.036822171258672839e+06
2.042787261667101411e+06
2.048762674692031462e+06
2.054748428198300768e+06
2.060744512075476348e+06
2.066750926181232091e+06
2.072767690315688727e+06
2.078794789144551847e+06
2.084832227690905333e+06
2.090880020955004031e+06
2.096938156014531618e+06
2.103006639150144532e+06
2.109085482633521315e+06
2.115174674921403639e+06
2.121274222466872074e+06
2.127384137075614184e+06
2.133504407423878089e+06
2.139635039000728168e+06
2.145776045348812826e+06
2.151927414364652708e+06
2.158089149276503362e+06
2.164261267723143101e+06
2.170443755719223060e+06
2.176636615417527966e+06
2.182839863826951943e+06
2.189053490781938657e+06
2.195277496209717821e+06
2.201511892098136712e+06
2.207756677947517484e+06
2.214011848820612766e+06
2.220277410596245434e+06
2.226553374726650305e+06
2.232839730501594488e+06
2.239136479929004796e+06
2.245443638087869156e+06
2.251761197893586941e+06
2.258089157875393517e+06
2.264427523876664694e+06
2.270776306867421605e+06
2.277135496315995697e+06
2.283505094414800871e+06
2.289885112451537978e+06
2.296275550081138965e+06
2.302676402641757857e+06
2.309087672213662881e+06
2.315509373486454599e+06
2.321941498884889763e+06
2.328384047459952068e+06
2.334837021258343942e+06
2.341300436284800991e+06
2.347774281825737096e+06
2.354258558734156191e+06
2.360753268940533977e+06
2.367258427590091713e+06
2.373774025247121230e+06
2.380300062247859314e+06
2.386836540490010753e+06
2.393383471918095369e+06
2.399940853133568540e+06
2.406508681371577550e+06
2.413086958759185392e+06
2.419675691693297122e+06
2.426274887216061354e+06
2.432884537483717315e+06
2.439504644515140913e+06
2.446135210326432250e+06
2.452776247232704889e+06
2.459427749790632166e+06
2.466089716780945193e+06
2.472762149914128240e+06
2.479445051172848325e+06
2.486138435551703908e+06
2.492842291894860100e+06
2.499556621889314614e+06
2.506281427395154256e+06
2.513016710217892658e+06
2.519762484351909254e+06
2.526518740113052074e+06
2.533285478608293459e+06
2.540062701649929862e+06
2.546850411071391776e+06
2.553648616077870596e+06
2.560457315806458239e+06
2.567276507208541501e+06
2.574106191910913214e+06
2.580946371932018548e+06
2.587797048888450023e+06
2.594658235115532298e+06
2.601529922746341676e+06
2.608412112589120865e+06
2.615304806311850902e+06
2.622208005490494426e+06
2.629121712106595747e+06
2.636045935973160900e+06
2.642980673259743024e+06
2.649925922755774111e+06
2.656881686413207091e+06
2.663847965656598099e+06
2.670824762294221669e+06
2.677812078690181021e+06
2.684809925284076482e+06
2.691818294179602060e+06
2.698837187076565344e+06
2.705866605442884844e+06
2.712906550988101400e+06
2.719957025323258247e+06
2.727018030106578022e+06
2.734089572778282221e+06
2.741171652465539519e+06
2.748264267306076363e+06
2.755367418849657290e+06
2.762481108689645771e+06
2.769605338427128270e+06
2.776740109601639211e+06
2.783885423763247672e+06
2.791041283634767402e+06
2.798207696734743658e+06
2.805384657377474476e+06
2.812572167099500075e+06
2.819770227340247482e+06
2.826978839855370577e+06
2.834198006027524825e+06
2.841427727356293704e+06
2.848668005234374665e+06
2.855918841415022966e+06
2.863180237414746545e+06
2.870452201159765478e+06
2.877734727515821345e+06
2.885027817818955984e+06
2.892331473406458739e+06
2.899645695993252564e+06
2.906970486762211192e+06
2.914305847406816669e+06
2.921651779095555190e+06
2.929008283512611408e+06
2.936375361811763607e+06
2.943753015667675063e+06
2.951141246219082735e+06
2.958540055131082889e+06
2.965949447285765782e+06
2.973369421609749086e+06
2.980799978184798732e+06
2.988241118520196527e+06
2.995692843708407599e+06
3.003155155245990492e+06
3.010628054487079848e+06
3.018111542919885833e+06
3.025605621607809793e+06
3.033110292026388459e+06
3.040625555504852906e+06
3.048151413365392946e+06
3.055687866923361551e+06
3.063234917487345170e+06
3.070792566359314136e+06
3.078360814834794030e+06
3.085939664203054272e+06
3.093529115747292526e+06
3.101129170744909439e+06
3.108739830464034341e+06
3.116361096150144469e+06
3.123992969056691974e+06
3.131635450434478931e+06
3.139288541529508308e+06
3.146952243431177456e+06
3.154626557679199614e+06
3.162311485320018139e+06
3.170007027561205439e+06
3.177713185466740746e+06
3.185429960562116001e+06
3.193157353902108967e+06
3.200895366481477860e+06
3.208643999798233621e+06
3.216403254894784652e+06
3.224173132806750480e+06
3.231953634976380039e+06
3.239744762239609845e+06
3.247546516104314476e+06
3.255358897412415128e+06
3.263181907571914140e+06
3.271015547423288226e+06
3.278859818466690369e+06
3.286714721436405089e+06
3.294580257790166885e+06
3.302456428361208644e+06
3.310343234356241766e+06
3.318240677050360013e+06
3.326148757256014738e+06
3.334067476143823471e+06
3.341996835002526641e+06
3.349936834592627361e+06
3.357887476068040822e+06
3.365848760574090295e+06
3.373820689271470532e+06
3.381803262872950174e+06
3.389796482633030508e+06
3.397800349499944132e+06
3.405814864599399269e+06
3.413840028847503010e+06
3.421875843348402530e+06
3.429922309036026709e+06
3.437979426960337441e+06
3.446047198271777015e+06
3.454125623600278050e+06
3.462214704489722382e+06
3.470314447099884972e+06
3.478424847252818290e+06
3.486545905706289224e+06
3.494677623436339200e+06
3.502820001396019012e+06
3.510973040513201151e+06
3.519136741775621660e+06
3.527311106050020084e+06
3.535496134361342527e+06
3.543691827334647998e+06
3.551898186386447866e+06
3.560115212137319613e+06
3.568342905562111642e+06
3.576581269711832050e+06
3.584830310083687771e+06
3.593090021073940210e+06
3.601360403262612876e+06
3.609641457990073133e+06
3.617933185921961442e+06
3.626235587647022214e+06
3.634548664523344487e+06
3.642872417142262217e+06
3.651206846107454970e+06
3.659551952753140125e+06
3.667907744555863086e+06
3.676274219849577639e+06
3.684651375131865963e+06
3.693039211572002154e+06
3.701437729520455003e+06
3.709846930278972723e+06
3.718266814192752354e+06
3.726697382417509798e+06
3.735138635352080222e+06
3.743590582443366293e+06
3.752053221155092586e+06
3.760526547101986594e+06
3.769010561318027787e+06
3.777505264774276875e+06
3.786010657751615159e+06
3.794526741179111879e+06
3.803053515833328944e+06
3.811590992933263071e+06
3.820139167470162734e+06
3.828698035656508990e+06
3.837267598193882965e+06
3.845847855837071314e+06
3.854438809513311833e+06
3.863040459451836534e+06
3.871652814303483814e+06
3.880275876121005509e+06
3.888909636740681715e+06
3.897554096864819992e+06
3.906209257149092387e+06
3.914875118241826072e+06
3.923551680786519777e+06
3.932238960192386992e+06
3.940936946158398874e+06
3.949645635777181480e+06
3.958365029694221914e+06
3.967095128530980553e+06
3.975835932896517683e+06
3.984587455072506331e+06
3.993349692393263802e+06
4.002122637344756164e+06
4.010906290515257977e+06
4.019700652487220243e+06
4.028505723592025694e+06
4.037321520533772651e+06
4.046148033974343911e+06
4.054985258804112673e+06
4.063833195577318780e+06
4.072691844591806643e+06
4.081561210954381153e+06
4.090441309716461692e+06
4.099332122903075535e+06
4.108233650784607511e+06
4.117145894387944601e+06
4.126068853973206598e+06
4.135002551181253046e+06
4.143946968773840927e+06
4.152902104188216850e+06
4.161867957654234953e+06
4.170844530177843291e+06
4.179831842449376825e+06
4.188829879873560276e+06
4.197838637595179491e+06
4.206858116605679505e+06
4.215888317098361440e+06
4.224929264407317154e+06
4.233980936460917816e+06
4.243043331409416161e+06
4.252116449955265038e+06
4.261200299301832914e+06
4.270294894636196084e+06
4.279400215466784313e+06
4.288516261651149020e+06
4.297643034118797630e+06
4.306780552849806845e+06
4.315928807998632081e+06
4.325087790973291732e+06
4.334257501599189825e+06
4.343437948982858099e+06
4.352629147762631066e+06
4.361831075653820299e+06
4.371043733264470473e+06
4.380267120951883495e+06
4.389501271199830808e+06
4.398746152488855645e+06
4.408001765286026523e+06
4.417268109883355908e+06
4.426545214397459291e+06
4.435833057046622038e+06
4.445131632824357599e+06
4.454440942060318775e+06
4.463761011528469622e+06
4.473091823193763383e+06
4.482433369822797365e+06
4.491785651133572683e+06
4.501148696546522900e+06
4.510522484550227411e+06
4.519907008677165024e+06
4.529302269231783226e+06
4.538708301082165912e+06
4.548125072421558201e+06
4.557552581274913624e+06
4.566990833736988716e+06
4.576439856525605544e+06
4.585899617896629497e+06
4.595370118114155717e+06
4.604851374872313812e+06
4.614343392838551663e+06
4.623846150640134700e+06
4.633359648565137759e+06
4.642883919182172976e+06
4.652418938450157642e+06
4.661964698784638196e+06
4.671521210602209903e+06
4.681088495077519678e+06
4.690666521526607685e+06
4.700255290182665922e+06
4.709854832413326018e+06
4.719465128546480089e+06
4.729086167730042711e+06
4.738717963284010999e+06
4.748360532216337509e+06
4.758013845293348655e+06
4.767677902166814543e+06
4.777352744568750262e+06
4.787038334424220026e+06
4.796734669213957153e+06
4.806441776232481934e+06
4.816159646333209239e+06
4.825888262169806287e+06
4.835627638512611389e+06
4.845377791909663938e+06
4.855138691706230864e+06
4.864910342073098756e+06
4.874692781719168648e+06
4.884485968181938864e+06
4.894289900924441405e+06
4.904104625811027363e+06
4.913930101379141212e+06
4.923766324526294135e+06
4.933613334076900966e+06
4.943471101797828451e+06
4.953339617371371016e+06
4.963218915825718082e+06
4.973108977938881144e+06
4.983009788586556911e+06
4.992921380399464630e+06
5.002843739829394035e+06
5.012776847302448004e+06
5.022720737258750014e+06
5.032675395356181078e+06
5.042640802721749991e+06
5.052616994113523513e+06
5.062603953484468162e+06
5.072601662306657992e+06
5.082610159705532715e+06
5.092629422174273990e+06
5.102659434554700740e+06
5.112700241735179909e+06
5.122751809361286461e+06
5.132814126866308972e+06
5.142887247946343385e+06
5.152971122199900448e+06
5.163065752329691313e+06
5.173171185294614173e+06
5.183287367918781936e+06
5.193414318045517430e+06
5.203552060256747529e+06
5.213700553145691752e+06
5.223859826770388521e+06
5.234029880156813189e+06
5.244210683705067262e+06
5.254402284491462633e+06
5.264604650212300941e+06
5.274817769047014415e+06
5.285041697839856148e+06
5.295276376933498308e+06
5.305521828195355833e+06
5.315778071501328610e+06
5.326045064930990338e+06
5.336322852363942191e+06
5.346611411051944830e+06
5.356910721831137314e+06
5.367220846504937857e+06
5.377541721344763413e+06
5.387873373522207141e+06
5.398215815247872844e+06
5.408569006902193651e+06
5.418933003547868691e+06
5.429307762895025313e+06
5.439693288421667181e+06
5.450089615999137983e+06
5.460496693420544267e+06
5.470914568341274746e+06
5.481343214647164568e+06
5.491782621583633125e+06
5.502232837648099288e+06
5.512693802948772907e+06
5.523165563954367302e+06
5.533648099579283968e+06
5.544141395511344075e+06
5.554645501374807209e+06
5.565160356615579687e+06
5.575686011206061579e+06
5.586222437480119988e+06
5.596769629970861599e+06
5.607327628032173030e+06
5.617896373790448532e+06
5.628475929026796483e+06
5.639066247211823240e+06
5.649667343174528331e+06
5.660279233600677922e+06
5.670901871019016020e+06
5.681535333798023872e+06
5.692179544227372855e+06
5.702834549676371738e+06
5.713500332737755962e+06
5.724176882822060958e+06
5.734864239030460827e+06
5.745562341060775332e+06
5.756271263088284992e+06
5.766990938513588160e+06
5.777721406661950983e+06
5.788462655322720297e+06
5.799214671286449768e+06
5.809977492674513720e+06
5.820751059500606731e+06
5.831535451763675548e+06
5.842330591738571413e+06
5.853136533979725093e+06
5.863953246538337320e+06
5.874780739018340595e+06
5.885619024817715399e+06
5.896468068477596156e+06
5.907327927504674532e+06
5.918198529835413210e+06
5.929079955107065849e+06
5.939972130105582997e+06
5.950875108874192461e+06
5.961788856117824093e+06
5.972713388592867181e+06
5.983648708390214480e+06
5.994594794673330151e+06
6.005551687329691835e+06
6.016519328558186069e+06
6.027497793492738158e+06
6.038486997784082778e+06
6.049487027463585138e+06
6.060497803282340057e+06
6.071519389539681375e+06
6.082551736603732221e+06
6.093594879473964684e+06
6.104648798003016971e+06
6.115713498578098603e+06
6.126788987303704023e+06
6.137875246726322919e+06
6.148972305840568617e+06
6.160080123561755754e+06
6.171198753205867484e+06
6.182328130235029384e+06
6.193468328936120495e+06
6.204619266274804249e+06
6.215781034121328034e+06
6.226953536212450825e+06
6.238136868211330846e+06
6.249330938266993500e+06
6.260535830598775297e+06
6.271751468122905120e+06
6.282977922297849320e+06
6.294215126744584180e+06
6.305463142035279423e+06
6.316721912810458802e+06
6.327991490661281161e+06
6.339271827142259106e+06
6.350562966770072468e+06
6.361864868300040253e+06
6.373177570559820160e+06
6.384501036451278254e+06
6.395835302187709138e+06
6.407180331722313538e+06
6.418536160066996701e+06
6.429902752491064370e+06
6.441280144243270159e+06
6.452668298771847971e+06
6.464067254145957530e+06
6.475476969961686991e+06
6.486897489728460088e+06
6.498328765983239748e+06
6.509770849158956669e+06
6.521223684969543479e+06
6.532687332280605100e+06
6.544161726733701304e+06
6.555646938309233636e+06
6.567142890460531227e+06
6.578649666409677826e+06
6.590167175284551457e+06
6.601695515697269700e+06
6.613234584415826946e+06
6.624784485239664093e+06
6.636345118546553887e+06
6.647916574022579938e+06
6.659498771918226033e+06
6.671091780942858197e+06
6.682695543440602720e+06
6.694310104898535646e+06
6.705935431996560656e+06
6.717571544746302068e+06
6.729218436428212561e+06
6.740876099303738214e+06
6.752544555540562607e+06
6.764223766731664538e+06
6.775913787481559440e+06
6.787614547019711696e+06
6.799326132194590755e+06
6.811048445738218725e+06
6.822781587517443113e+06
6.834525465296025388e+06
6.846280152039236389e+06
6.858045593316653743e+06
6.869821823715523817e+06
6.881608829655222595e+06
6.893406602388659492e+06
6.905215172209602781e+06
6.917034485125833191e+06
6.928864618463668972e+06
6.940705479896592908e+06
6.952557168051866814e+06
6.964419592818229459e+06
6.976292818110679276e+06
6.988176806050886400e+06
7.000071568247806281e+06
7.011977118891287595e+06
7.023893414964697324e+06
7.035820528047871776e+06
7.047758368831368163e+06
7.059707033184910193e+06
7.071666435491375625e+06
7.083636631001519971e+06
7.095617595547150820e+06
7.107609319795920514e+06
7.119611845682763495e+06
7.131625098837570287e+06
7.143649184785999358e+06
7.155683998707134277e+06
7.167729610929044895e+06
7.179785984478282742e+06
7.191853120724773034e+06
7.203931055069642141e+06
7.216019715247681364e+06
7.228119206449418329e+06
7.240229426510446705e+06
7.252350437017580494e+06
7.264482216072620824e+06
7.276624744681410491e+06
7.288778081831297837e+06
7.300942144182675518e+06
7.313117021428458393e+06
7.325302642241011374e+06
7.337499032527968287e+06
7.349706210102370940e+06
7.361924112346903421e+06
7.374152846297589131e+06
7.386392304811426438e+06
7.398642547895109281e+06
7.410903561841983348e+06
7.423175312322662212e+06
7.435457881355771795e+06
7.447751175448282622e+06
7.460055259918385185e+06
7.472370108175970614e+06
7.484695695358275436e+06
7.497032096810156479e+06
7.509379221332534216e+06
7.521737138389509171e+06
7.534105815446290188e+06
7.546485229937474243e+06
7.558875458499423228e+06
7.571276410367859527e+06
7.583688148117126897e+06
7.596110650341039523e+06
7.608543880650538020e+06
7.620987932981949300e+06
7.633442707411716692e+06
7.645908254553327337e+06
7.658384577959537506e+06
7.670871623826512136e+06
7.683369483582039364e+06
7.695878076316034421e+06
7.708397421429230832e+06
7.720927560789692216e+06
7.733468421182120219e+06
7.746020073102167808e+06
7.758582479038392194e+06
7.771155608663042076e+06
7.783739560276820324e+06
7.796334230991820805e+06
7.808939660430688411e+06
7.821555875486722216e+06
7.834182809109603055e+06
7.846820534451735206e+06
7.859469010252512991e+06
7.872128206292954274e+06
7.884798222880088724e+06
7.897478958274634555e+06
7.910170442879647017e+06
7.922872717664959840e+06
7.935585710649435408e+06
7.948309478806625120e+06
7.961044009733598679e+06
7.973789259051934816e+06
7.986545307289849967e+06
7.999312092258162796e+06
8.012089597478219308e+06
8.024877918905767612e+06
8.037676955775026232e+06
8.050486733157830313e+06
8.063307304004545324e+06
8.076138590600037947e+06
8.088980635543748736e+06
8.101833455248181708e+06
8.114696989245746285e+06
8.127571297139931470e+06
8.140456361774294637e+06
8.153352140685212798e+06
8.166258706914125010e+06
8.179176015033640899e+06
8.192104037134658545e+06
8.205042857053094544e+06
8.217992406057086773e+06
8.230952667244048789e+06
8.243923736163727008e+06
8.256905523272608407e+06
8.269898023074936122e+06
8.282901334874388762e+06
8.295915357593322173e+06
8.308940097472762689e+06
8.321975642951275222e+06
8.335021899842506275e+06
8.348078874392114580e+06
8.361146651072775945e+06
8.374225137868413702e+06
8.387314341585685499e+06
8.400414347168922424e+06
8.413525061504043639e+06
8.426646489502826706e+06
8.439778721004040912e+06
8.452921660180494189e+06
8.466075307508237660e+06
8.479239761532004923e+06
8.492414923271033913e+06
8.505600791600087658e+06
8.518797458078946918e+06
8.532004839019345120e+06
8.545222925790818408e+06
8.558451799108218402e+06
8.571691396209403872e+06
8.584941698857204989e+06
8.598202772813308984e+06
8.611474582843242213e+06
8.624757097589923069e+06
8.638050367248347029e+06
8.651354388227591291e+06
8.664669112780932337e+06
8.677994571634948254e+06
8.691330800115548074e+06
8.704677730926632881e+06
8.718035373364387080e+06
8.731403806041292846e+06
8.744782939978856593e+06
8.758172774248607457e+06
8.771573392573257908e+06
8.784984726748395711e+06
8.798406760728260502e+06
8.811839549432035536e+06
8.825283080007046461e+06
8.838737310049660504e+06
8.852202261289823800e+06
8.865677985582631081e+06
8.879164407661845908e+06
8.892661527832200751e+06
8.906169431688720360e+06
8.919688043043006212e+06
8.933217349892547354e+06
8.946757403690144420e+06
8.960308200335137546e+06
8.973869692800924182e+06
8.987441889660643414e+06
9.001024867311444134e+06
9.014618540746778250e+06
9.028222908242393285e+06
9.041838031247269362e+06
9.055463880703104660e+06
9.069100424805346876e+06
9.082747675688859075e+06
9.096405700284566730e+06
9.110074415462747216e+06
9.123753823895094916e+06
9.137443982390243560e+06
9.151144867875080556e+06
9.164856442715106532e+06
9.178578714408170432e+06
9.192311764915596694e+06
9.206055503611952066e+06
9.219809932856231928e+06
9.233575092811422423e+06
9.247350993082046509e+06
9.261137579776328057e+06
9.274934855506658554e+06
9.288742893499551341e+06
9.302561635436907411e+06
9.316391065047876909e+06
9.330231191108224913e+06
9.344082084403155372e+06
9.357943663474202156e+06
9.371815927825657651e+06
9.385698910879833624e+06
9.399592635993426666e+06
9.413497043947285041e+06
9.427412135707866400e+06
9.441337966738294810e+06
9.455274514833601192e+06
9.469221746285382658e+06
9.483179659397916868e+06
9.497148324013186619e+06
9.511127690817490220e+06
9.525117736389135942e+06
9.539118463346639648e+06
9.553129952986199409e+06
9.567152128228332847e+06
9.581184983781697229e+06
9.595228516005234793e+06
9.609282817369170487e+06
9.623347795840142295e+06
9.637423451983399689e+06
9.651509785988379270e+06
9.665606885064501315e+06
9.679714659944657236e+06
9.693833109276767820e+06
9.707962234058607370e+06
9.722102121797667816e+06
9.736252684896333143e+06
9.750413920070599765e+06
9.764585830017182976e+06
9.778768492707032710e+06
9.792961836196444929e+06
9.807165850643035024e+06
9.821380537060119212e+06
9.835605962716797367e+06
9.849842079322086647e+06
9.864088864291684702e+06
9.878346320502610877e+06
9.892614496096836403e+06
9.906893377354951575e+06
9.921182926168613136e+06
9.935483142457732931e+06
9.949794055970752612e+06
9.964115693794470280e+06
9.978447998801402748e+06
9.992790968501662835e+06
1.000714460637981445e+07
1.002150899297380820e+07
1.003588404533636943e+07
1.005026976089864597e+07
1.006466613959670067e+07
1.007907323663006723e+07
1.009349102733047679e+07
1.010791948097381368e+07
1.012235859512746707e+07
1.013680838574221916e+07
1.015126890820942447e+07
1.016574008962291293e+07
1.018022193244712427e+07
1.019471443305359222e+07
1.020921764707374200e+07
1.022373155072045885e+07
1.023825611079884879e+07
1.025279132780559175e+07
1.026733720752228610e+07
1.028189382195264846e+07
1.029646109173490293e+07
1.031103901852056757e+07
1.032562759908550791e+07
1.034022686435867846e+07
1.035483683707133308e+07
1.036945746224433929e+07
1.038408874003788829e+07
1.039873067114713974e+07
1.041338330356423557e+07
1.042804661932879873e+07
1.044272058671851642e+07
1.045740520349043794e+07
1.047210047033796273e+07
1.048680644975728542e+07
1.050152309562162496e+07
1.051625039024278894e+07
1.053098833263123967e+07
1.054573692310610414e+07
1.056049622606644966e+07
1.057526618935288861e+07
1.059004679944009520e+07
1.060483805302638561e+07
1.061963995172350481e+07
1.063445255830284022e+07
1.064927582560120709e+07
1.066410973449767940e+07
1.067895428639605269e+07
1.069380948035223037e+07
1.070867536800899170e+07
1.072355192424922623e+07
1.073843911996783502e+07
1.075333695554963872e+07
1.076824543007519096e+07
1.078316457852680236e+07
1.079809440860039368e+07
1.081303487636505067e+07
1.082798598092051595e+07
1.084294772228716128e+07
1.085792010795740224e+07
1.087290319836183265e+07
1.088789692341050319e+07
1.090290128296950459e+07
1.091791627685920894e+07
1.093294190419897623e+07
1.094797821250963956e+07
1.096302518051606044e+07
1.097808278067876399e+07
1.099315101216452196e+07
1.100822987411700189e+07
1.102331936795865931e+07
1.103841956450434588e+07
1.105353039164447226e+07
1.106865184575484507e+07
1.108378392739203572e+07
1.109892663632914238e+07
1.111407999493390508e+07
1.112924403117470071e+07
1.114441869284760393e+07
1.115960397921303101e+07
1.117479989175977744e+07
1.119000642709822953e+07
1.120522361776745319e+07
1.122045147181161493e+07
1.123568994777565636e+07
1.125093904571958818e+07
1.126619876495214924e+07
1.128146910468321107e+07
1.129675009422885068e+07
1.131204174435436726e+07
1.132734401356530935e+07
1.134265690115802921e+07
1.135798040781239793e+07
1.137331452985201031e+07
1.138865928485867381e+07
1.140401470960632712e+07
1.141938074983315356e+07
1.143475740477787890e+07
1.145014467368414439e+07
1.146554255580894649e+07
1.148095105099022388e+07
1.149637021959581599e+07
1.151180000833512843e+07
1.152724040815426782e+07
1.154269141831311584e+07
1.155815303820651025e+07
1.157362526776069775e+07
1.158910812869791873e+07
1.160460164323284291e+07
1.162010576522327028e+07
1.163562049394308217e+07
1.165114582886029780e+07
1.166668176983622275e+07
1.168222831618700176e+07
1.169778550518893264e+07
1.171335332637343928e+07
1.172893175067726336e+07
1.174452077748777345e+07
1.176012040665366873e+07
1.177573063754995354e+07
1.179135146946591511e+07
1.180698293987079710e+07
1.182262503645895235e+07
1.183827773184520938e+07
1.185394102409924753e+07
1.186961491597856209e+07
1.188529940522807837e+07
1.190099449114874378e+07
1.191670019554194808e+07
1.193241653592491336e+07
1.194814347078332864e+07
1.196388099974341318e+07
1.197962912240032479e+07
1.199538783806128055e+07
1.201115714603634551e+07
1.202693704563838616e+07
1.204272758674298786e+07
1.205852872902444005e+07
1.207434046084169857e+07
1.209016278190868534e+07
1.210599569159408286e+07
1.212183918921464123e+07
1.213769327408955246e+07
1.215355794741569832e+07
1.216943326458513923e+07
1.218531916522239335e+07
1.220121565194427595e+07
1.221712272279411182e+07
1.223304037716686726e+07
1.224896861438587494e+07
1.226490743377647176e+07
1.228085683466601558e+07
1.229681686524774507e+07
1.231278748494316638e+07
1.232876868398939446e+07
1.234476046176538058e+07
1.236076281788557395e+07
1.237677575172683224e+07
1.239279926094874553e+07
1.240883334821564332e+07
1.242487802920273319e+07
1.244093332311758958e+07
1.245699919126406685e+07
1.247307563129197434e+07
1.248916264590481855e+07
1.250526023278632574e+07
1.252136839149446040e+07
1.253748712141136453e+07
1.255361642016687617e+07
1.256975630794947594e+07
1.258590680121567287e+07
1.260206786286971532e+07
1.261823949224789068e+07
1.263442168696674332e+07
1.265061444980085827e+07
1.266681777837396972e+07
1.268303167202620767e+07
1.269925612841541134e+07
1.271549115049574524e+07
1.273173677739645354e+07
1.274799297673344053e+07
1.276425973612973094e+07
1.278053705840947852e+07
1.279682494116522558e+07
1.281312338373208418e+07
1.282943238368358649e+07
1.284575194387360662e+07
1.286208206188198738e+07
1.287842273704501241e+07
1.289477399991654418e+07
1.291113583617366478e+07
1.292750822741700150e+07
1.294389117127456143e+07
1.296028467069462873e+07
1.297668872322630882e+07
1.299310332819868997e+07
1.300952848313931376e+07
1.302596419097424857e+07
1.304241044923711382e+07
1.305886725544541329e+07
1.307533464942010678e+07
1.309181260088813119e+07
1.310830109808696620e+07
1.312480014398097992e+07
1.314130973608189635e+07
1.315782987188436091e+07
1.317436055437265709e+07
1.319090178104729950e+07
1.320745354939117841e+07
1.322401586240885966e+07
1.324058871758906357e+07
1.325717211254679970e+07
1.327376609301363118e+07
1.329037061342020519e+07
1.330698567125426419e+07
1.332361126956138946e+07
1.334024740580000170e+07
1.335689407740959898e+07
1.337355128745296784e+07
1.339021903337565064e+07
1.340689731260383129e+07
1.342358612822235003e+07
1.344028547576967068e+07
1.345699535833936930e+07
1.347371577419794910e+07
1.349044675854513235e+07
1.350718827564817108e+07
1.352394032100660913e+07
1.354070289774527401e+07
1.355747600326873176e+07
1.357425963496063463e+07
1.359105379596948810e+07
1.360785848175520636e+07
1.362467369547601417e+07
1.364149943451488577e+07
1.365833569623313099e+07
1.367518248381358758e+07
1.369203979267468303e+07
1.370890762600953877e+07
1.372578599645364843e+07
1.374267490610408783e+07
1.375957433791472390e+07
1.377648428725944459e+07
1.379340475736721419e+07
1.381033574359808117e+07
1.382727724919219501e+07
1.384422926949552260e+07
1.386119180775965005e+07
1.387816486130512506e+07
1.389514842742866836e+07
1.391214250940959342e+07
1.392914710254766233e+07
1.394616221013438143e+07
1.396318782745464519e+07
1.398022395781247504e+07
1.399727059647766501e+07
1.401432776133183204e+07
1.403139544890252687e+07
1.404847364643325657e+07
1.406556234916177951e+07
1.408266156043077819e+07
1.409977127546231449e+07
1.411689149761288054e+07
1.413402222208880633e+07
1.415116345226067677e+07
1.416831518331890740e+07
1.418547741864852421e+07
1.420265015342386812e+07
1.421983339104476571e+07
1.423702712666935101e+07
1.425423136371265724e+07
1.427144609731119685e+07
1.428867133085628785e+07
1.430590705946042947e+07
1.432315328656464070e+07
1.434041000727148727e+07
1.435767722503804043e+07
1.437495494759697840e+07
1.439224317723111436e+07
1.440954189728056453e+07
1.442685110912328772e+07
1.444417081414379925e+07
1.446150100739323348e+07
1.447884169237677194e+07
1.449619286412792839e+07
1.451355452616995387e+07
1.453092667351859994e+07
1.454830930971569382e+07
1.456570242975912988e+07
1.458310603506256081e+07
1.460052012704765610e+07
1.461794470069643483e+07
1.463537975958824158e+07
1.465282529868707806e+07
1.467028132152705267e+07
1.468774782295307703e+07
1.470522480439910293e+07
1.472271226730873436e+07
1.474021020660074800e+07
1.475771862590526231e+07
1.477523752012203820e+07
1.479276689070742019e+07
1.481030673912760429e+07
1.482785706026500836e+07
1.484541785779298656e+07
1.486298912657486275e+07
1.488057086809106916e+07
1.489816308459331095e+07
1.491576578404404223e+07
1.493337895596877672e+07
1.495100259499211609e+07
1.496863670254549757e+07
1.498628128013308719e+07
1.500393632254933193e+07
1.502160183130120859e+07
1.503927780790770985e+07
1.505696424714561924e+07
1.507466115053711832e+07
1.509236851961708814e+07
1.511008634914473072e+07
1.512781464292919636e+07
1.514555339571019821e+07
1.516330260897251964e+07
1.518106228398521245e+07
1.519883241542198509e+07
1.521661300483812578e+07
1.523440405380304530e+07
1.525220555700477026e+07
1.527001751601709984e+07
1.528783993242865056e+07
1.530567280090977624e+07
1.532351612305396050e+07
1.534136990047022514e+07
1.535923412774096429e+07
1.537710880608751066e+07
1.539499393473093212e+07
1.541288951528598368e+07
1.543079554237135872e+07
1.544871201760739833e+07
1.546663894263138622e+07
1.548457631204453856e+07
1.550252412749030441e+07
1.552048239062978514e+07
1.553845109593937919e+07
1.555643024460230395e+07
1.557441983585312590e+07
1.559241987136097066e+07
1.561043034567398205e+07
1.562845126046836749e+07
