4.555598775467568657e+02
2.983693330990844061e+03
3.721809306723177997e+03
4.235559135252439773e+03
4.599490731365355714e+03
4.875957612117108511e+03
5.112184572607687187e+03
5.303528079076733775e+03
5.460437666039997566e+03
5.592390055760847645e+03
5.707065577036355535e+03
5.810594019819528512e+03
5.907827050467221852e+03
6.002595539786893823e+03
6.097932793710360784e+03
6.196258380088915146e+03
6.299524861485778274e+03
6.409332798458503930e+03
6.527019964762343079e+03
6.653730224310948870e+03
6.790466679685579948e+03
6.938132946109849399e+03
7.097565528929671927e+03
7.269559514155262150e+03
7.454889502972499031e+03
7.654326845407555993e+03
7.868654240527367620e+03
8.098678208254999845e+03
8.345239774095469329e+03
8.609223487815770568e+03
8.891564794279622220e+03
9.193255491500687640e+03
9.515347178137863011e+03
9.858952264910472877e+03
1.022524234492433607e+04
1.061544355196301331e+04
1.103082884284966349e+04
1.147270686507826031e+04
1.194240757133474654e+04
1.244126460946392581e+04
1.297059477046425854e+04
1.353167497771478520e+04
1.412571736963911098e+04
1.475384314497769810e+04
1.541705618723772568e+04
1.611621718963862804e+04
1.685201914745599061e+04
1.762496537495610028e+04
1.843535057783137381e+04
1.928324585406643382e+04
2.016848821784726897e+04
2.109067485804467651e+04
2.204916275826800847e+04
2.304307307416294498e+04
2.407130100388246501e+04
2.513252982055111352e+04
2.622524936460674144e+04
2.734777807268815377e+04
2.849828745989910749e+04
2.967482918892996895e+04
3.087536271815216605e+04
3.209778361361891439e+04
3.333995163030838739e+04
3.459971722607549600e+04
3.587494689379054034e+04
3.716354606095675990e+04
3.846347934079154948e+04
3.977278833139647031e+04
4.108960630806629342e+04
4.241217003340931842e+04
4.373882872358574241e+04
4.506805030956723203e+04
4.639842519780011935e+04
4.772866777520743199e+04
4.905761592951238708e+04
5.038422894896619982e+04
5.170758392568490672e+04
5.302687088994967053e+04
5.434138746997591079e+04
5.565053257449813100e+04
5.695379959957989922e+04
5.825076990056035720e+04
5.954110527242586249e+04
6.082454147482991539e+04
6.210088124137845443e+04
6.336998787569298293e+04
6.463177844598157390e+04
6.588621880586202315e+04
6.713331701413486735e+04
6.837311894683964783e+04
6.960570308157362160e+04
7.083117634547018679e+04
7.204966982389544137e+04
7.326133548859272560e+04
7.446634261551576492e+04
7.566487518515686679e+04
7.685712879076736863e+04
7.804330845017424144e+04
7.922362684040350723e+04
8.039830206003125932e+04
8.156755621805466944e+04
8.273161393084525480e+04
8.389070132408190693e+04
8.504504461657123466e+04
8.619486923123335873e+04
8.734039972910206416e+04
8.848185797597585770e+04
8.961946356888602895e+04
9.075343290648212133e+04
9.188397894506194280e+04
9.301131107148513547e+04
9.413563418223321787e+04
9.525714929821729311e+04
9.637605316201147798e+04
9.749253794567540172e+04
9.860679136056969583e+04
9.971899646501679672e+04
1.008293317496582749e+05
1.019379714742829819e+05
1.030450851520170690e+05
1.041508380036184099e+05
1.052553906067263888e+05
1.063588997071477206e+05
1.074615175462154730e+05
1.085633921751874441e+05
1.096646677631761122e+05
1.107654845406853274e+05
1.118659789108118130e+05
1.129662835560235690e+05
1.140665277694889664e+05
1.151668370830001804e+05
1.162673335770475824e+05
1.173681361831217655e+05
1.184693611736040330e+05
1.195711206904925784e+05
1.206735248555934668e+05
1.217766804403839778e+05
1.228806916185912851e+05
1.239856598540061823e+05
1.250916841488626087e+05
1.261988606248965370e+05
1.273072838768445799e+05
1.284170450324363919e+05
1.295282338606301346e+05
1.306409378543182247e+05
1.317552419436564378e+05
1.328712295214685437e+05
1.339889823212597403e+05
1.351085794234193454e+05
1.362300985704422637e+05
1.373536158818267577e+05
1.384792059497257869e+05
1.396069411846107687e+05
1.407368928004250629e+05
1.418691305238183704e+05
1.430037227885676548e+05
1.441407365872324444e+05
1.452802372592794127e+05
1.464222890912384901e+05
1.475669551270404190e+05
1.487142972133331932e+05
1.498643762102795590e+05
1.510172516834684357e+05
1.521729819636232278e+05
1.533316245055547333e+05
1.544932357572553738e+05
1.556578711974446487e+05
1.568255853634930972e+05
1.579964322158638679e+05
1.591704642005398055e+05
1.603477332121867803e+05
1.615282903363009973e+05
1.627121858658090641e+05
1.638994693250113050e+05
1.650901896848215256e+05
1.662843950200523250e+05
1.674821325036547496e+05
1.686834488242576772e+05
1.698883900158255419e+05
1.710970014777200995e+05
1.723093282891392591e+05
1.735254145201205974e+05
1.747453036201784562e+05
1.759690386365878512e+05
1.771966620716948237e+05
1.784282161662038125e+05
1.796637423981014872e+05
1.809032814600417914e+05
1.821468738254186464e+05
1.833945594963317271e+05
1.846463786176155263e+05
1.859023697388176806e+05
1.871625714898506121e+05
1.884270221095012676e+05
1.896957600648322841e+05
1.909688222532252839e+05
1.922462456255939614e+05
1.935280669915057952e+05
1.948143231481768598e+05
1.961050493786330335e+05
1.974002812494342797e+05
1.987000547134715598e+05
2.000044041350425687e+05
2.013133638989324972e+05
2.026269689011871233e+05
2.039452527713784366e+05
2.052682487983453320e+05
2.065959910857299983e+05
2.079285122031593055e+05
2.092658445980505494e+05
2.106080218518643815e+05
2.119550751132656296e+05
2.133070366683254542e+05
2.146639386017763463e+05
2.160258114971512114e+05
2.173926876195702353e+05
2.187645969904860831e+05
2.201415706916371710e+05
2.215236392945094558e+05
2.229108324639202328e+05
2.243031811710374313e+05
2.257007139164822001e+05
2.271034617211376899e+05
2.285114524575076357e+05
2.299247165130630310e+05
2.313432816899270110e+05
2.327671777066153008e+05
2.341964321105585841e+05
2.356310741678522609e+05
2.370711309768469655e+05
2.385166315741750877e+05
2.399676024091040599e+05
2.414240725167564815e+05
2.428860676986825129e+05
2.443536165926536487e+05
2.458267449896661565e+05
2.473054804932659026e+05
2.487898494472425664e+05
2.502798780869059847e+05
2.517755935605999257e+05
2.532770208330994355e+05
2.547841871081466670e+05
2.562971173562526237e+05
2.578158372340173519e+05
2.593403731260087516e+05
2.608707492142065603e+05
2.624069914534970885e+05
2.639491248584061395e+05
2.654971736312840949e+05
2.670511634696924593e+05
2.686111184979138779e+05
2.701770627228891826e+05
2.717490213593463995e+05
2.733270181370665086e+05
2.749110766411837540e+05
2.765012213689757627e+05
2.780974761655855691e+05
2.796998639635315049e+05
2.813084082882324583e+05
2.829231336366988835e+05
2.845440620398899191e+05
2.861712165867081494e+05
2.878046205967649003e+05
2.894442973214637605e+05
2.910902686682395288e+05
2.927425572097731056e+05
2.944011856610492687e+05
2.960661768804259482e+05
2.977375522558431840e+05
2.994153338634723914e+05
3.010995436568855657e+05
3.027902041806969792e+05
3.044873367012229864e+05
3.061909625386387343e+05
3.079011031710827956e+05
3.096177799572632648e+05
3.113410146466877195e+05
3.130708282260608976e+05
3.148072413313718862e+05
3.165502748617511243e+05
3.182999496043754043e+05
3.200562862343118177e+05
3.218193057011232013e+05
3.235890284321114304e+05
3.253654743943269132e+05
3.271486638198837172e+05
3.289386168361262535e+05
3.307353534598306287e+05
3.325388936014611972e+05
3.343492570665969397e+05
3.361664641008632025e+05
3.379905337902301108e+05
3.398214855687796371e+05
3.416593388231057324e+05
3.435041128347917111e+05
3.453558267854257138e+05
3.472144997535088332e+05
3.490801507167560048e+05
3.509527985516950139e+05
3.528324620358232060e+05
3.547191598496045917e+05
3.566129108680887148e+05
3.585137333377333707e+05
3.604216455625691451e+05
3.623366658252611523e+05
3.642588123148159939e+05
3.661881031291081454e+05
3.681245562640056596e+05
3.700681896217857720e+05
3.720190210114296060e+05
3.739770681497125188e+05
3.759423486576846335e+05
3.779148800620741677e+05
3.798946798007315956e+05
3.818817652189378859e+05
3.838761535683081602e+05
3.858778620106598246e+05
3.878869076179052354e+05
3.899033073762258864e+05
3.919270781727050780e+05
3.939582368106385693e+05
3.959968000102135120e+05
3.980427843963552732e+05
4.000962065074678976e+05
4.021570827955713030e+05
4.042254296294744709e+05
4.063012632882083999e+05
4.083845999656038475e+05
4.104754557665930479e+05
4.125738467201765161e+05
4.146797887667478644e+05
4.167932977574305260e+05
4.189143894648440764e+05
4.210430795815970632e+05
4.231793837120305398e+05
4.253233173826328130e+05
4.274748960307353991e+05
4.296341350215877756e+05
4.318010496362819686e+05
4.339756550745086279e+05
4.361579664515534532e+05
4.383479988096934976e+05
4.405457671136653516e+05
4.427512863126252196e+05
4.449645714750635088e+05
4.471856370082629728e+05
4.494144975611761329e+05
4.516511677070927690e+05
4.538956619421088253e+05
4.561479946752508986e+05
4.584081802545831888e+05
4.606762329457878950e+05
4.629521669436771772e+05
4.652359963596050511e+05
4.675277352349638240e+05
4.698273975391152781e+05
4.721349971685659839e+05
4.744505479469919810e+05
4.767740636191375670e+05
4.791055582554736175e+05
4.814450453032695805e+05
4.837925380776647362e+05
4.861480500370775117e+05
4.885115945707505452e+05
4.908831849939381354e+05
4.932628345621345215e+05
4.956505564548769617e+05
4.980463637819007854e+05
5.004502695844297996e+05
5.028622868322333088e+05
5.052824284306723275e+05
5.077107074216444162e+05
5.101471369436281384e+05
5.125917291409403551e+05
5.150444966423213482e+05
5.175054520184455905e+05
5.199746077751471894e+05
5.224519763516605599e+05
5.249375701147852233e+05
5.274314013697152259e+05
5.299334823529144051e+05
5.324438252496150089e+05
5.349624421765756560e+05
5.374893460424743826e+05
5.400245479845517548e+05
5.425680599168831250e+05
5.451198937022876926e+05
5.476800611399492482e+05
5.502485739756440744e+05
5.528254438773582224e+05
5.554106824562359834e+05
5.580043012676908402e+05
5.606063117985896533e+05
5.632167255998905748e+05
5.658355547591703944e+05
5.684628097709105350e+05
5.710985018883949379e+05
5.737426423034587642e+05
5.763952421527527040e+05
5.790563125147559913e+05
5.817258644161465345e+05
5.844039088193374919e+05
5.870904566254838137e+05
5.897855186768587446e+05
5.924891059000092791e+05
5.952012297336130869e+05
5.979219000409856671e+05
6.006511274423124269e+05
6.033889224997474812e+05
6.061352957278126851e+05
6.088902575794591103e+05
6.116538184695624514e+05
6.144259887471128022e+05
6.172067787138305139e+05
6.199961986112170853e+05
6.227942586273588240e+05
6.256009694368647179e+05
6.284163409954666859e+05
6.312403829319057986e+05
6.340731052313133841e+05
6.369145178192664171e+05
6.397646305788488826e+05
6.426234533249222441e+05
6.454909958326176275e+05
6.483672678357867990e+05
6.512522790077459067e+05
6.541460389866594924e+05
6.570485573390559293e+05
6.599598435893465066e+05
6.628799078636277700e+05
6.658087591802696697e+05
6.687464066851972602e+05
6.716928597063251073e+05
6.746481275323900627e+05
6.776122194112364668e+05
6.805851445184806362e+05
6.835669120056590764e+05
6.865575309542432660e+05
6.895570104159921175e+05
6.925653594079529867e+05
6.955825868819166208e+05
6.986087017617383972e+05
7.016437129019658314e+05
7.046876291260720463e+05
7.077404592020483688e+05
7.108022125204999465e+05
7.138728971664910205e+05
7.169525217288006097e+05
7.200410948104382260e+05
7.231386249651253456e+05
7.262451207053131657e+05
7.293605904888451332e+05
7.324850427469611168e+05
7.356184858633300755e+05
7.387609281823287020e+05
7.419123780093538808e+05
7.450728436052906327e+05
7.482423331798911095e+05
7.514208549117073417e+05
7.546084169311509468e+05
7.578050273285018047e+05
7.610106941560880514e+05
7.642254254305924987e+05
7.674492291213484714e+05
7.706821131706386805e+05
7.739240854716362664e+05
7.771751538741823751e+05
7.804353261887049302e+05
7.837046101889532292e+05
7.869830136015048483e+05
7.902705441398771945e+05
7.935672094555323711e+05
7.968730171815431677e+05
8.001879749023102922e+05
8.035120901549584232e+05
8.068453704601313220e+05
8.101878232705107657e+05
8.135394560252900701e+05
8.169002761304099113e+05
8.202702909366738750e+05
8.236495077715389198e+05
8.270379339452291606e+05
8.304355767013466684e+05
8.338424432487998856e+05
8.372585407714749454e+05
8.406838764157346450e+05
8.441184572892250726e+05
8.475622904677571496e+05
8.510153829971025698e+05
8.544777418824720662e+05
8.579493741168747656e+05
8.614302866221775766e+05
8.649204863101950614e+05
8.684199800494831288e+05
8.719287746741923038e+05
8.754468769853385165e+05
8.789742937447575387e+05
8.825110317131610354e+05
8.860570975815154379e+05
8.896124980355913285e+05
8.931772397202678258e+05
8.967513292387608672e+05
9.003347731687228661e+05
9.039275780487158336e+05
9.075297503781853011e+05
9.111412966586931143e+05
9.147622233187909005e+05
9.183925367900375277e+05
9.220322434660838917e+05
9.256813501553438837e+05
9.293398635122573469e+05
9.330077891097004758e+05
9.366851332112679956e+05
9.403719020393283572e+05
9.440681018069963902e+05
9.477737386990586529e+05
9.514888188409254653e+05
9.552133483654286247e+05
9.589473333663144149e+05
9.626907798913700972e+05
9.664436939983576303e+05
9.702060816721321316e+05
9.739779495868285885e+05
9.777593041528079193e+05
9.815501501875788672e+05
9.853504935483736917e+05
9.891603401104558725e+05
9.929796956941685639e+05
9.968085661312185694e+05
1.000646957191256573e+06
1.004494874614948872e+06
1.008352324148399988e+06
1.012219313025536714e+06
1.016095846263833577e+06
1.019981928679679637e+06
1.023877565858707298e+06
1.027782763386538019e+06
1.031697526851047645e+06
1.035621861776502104e+06
1.039555773674663040e+06
1.043499269628409296e+06
1.047452354895098251e+06
1.051415033581651049e+06
1.055387311102491338e+06
1.059369192841164535e+06
1.063360684144057566e+06
1.067361790342254797e+06
1.071372518378634471e+06
1.075392873701184988e+06
1.079422859852944966e+06
1.083462482060497859e+06
1.087511745517162373e+06
1.091570655420395778e+06
1.095639217491105665e+06
1.099717439647042193e+06
1.103805323742400622e+06
1.107902874859370291e+06
1.112010098040408920e+06
1.116126998352153227e+06
1.120253582271113526e+06
1.124389856183474651e+06
1.128535822297502542e+06
1.132691485529041616e+06
1.136856850837248843e+06
1.141031923089745222e+06
1.145216711831115652e+06
1.149411217488772934e+06
1.153615444769290043e+06
1.157829398473390844e+06
1.162053083385728998e+06
1.166286509203214897e+06
1.170529676092860987e+06
1.174782588500324870e+06
1.179045241410880815e+06
1.183317669923365349e+06
1.187599852674024645e+06
1.191891799741902621e+06
1.196193515750043327e+06
1.200505005256648408e+06
1.204826277233404573e+06
1.209157333554925630e+06
1.213498177140736720e+06
1.217848812486919109e+06
1.222209246987080900e+06
1.226579485763331177e+06
1.230959529782327591e+06
1.235349383503435645e+06
1.239749053792456631e+06
1.244158546932206955e+06
1.248577863029031549e+06
1.253007006421839818e+06
1.257445984607524704e+06
1.261894802820948418e+06
1.266353461351362988e+06
1.270821964452669257e+06
1.275300321362366201e+06
1.279788534012261778e+06
1.284286603988486342e+06
1.288794535588337108e+06
1.293312340804531239e+06
1.297840015988944098e+06
1.302377565282890340e+06
1.306924996749019949e+06
1.311482314982885728e+06
1.316049519701303216e+06
1.320626615410553757e+06
1.325213613995343912e+06
1.329810511313715950e+06
1.334417311311839381e+06
1.339034024592606118e+06
1.343660651134766173e+06
1.348297192329535261e+06
1.352943656802030513e+06
1.357600048702223925e+06
1.362266367116460577e+06
1.366942619264551206e+06
1.371628812266350025e+06
1.376324943463165080e+06
1.381031019352519652e+06
1.385747048709968803e+06
1.390473027780422242e+06
1.395208963035727618e+06
1.399954863499657251e+06
1.404710725025800057e+06
1.409476554835425224e+06
1.414252360682489118e+06
1.419038138757830020e+06
1.423833897886062507e+06
1.428639642917685909e+06
1.433455371253043180e+06
1.438281094011565205e+06
1.443116811669718008e+06
1.447962523539767601e+06
1.452818243854787201e+06
1.457683967125694733e+06
1.462559697474012850e+06
1.467445446727292147e+06
1.472341208110364154e+06
1.477246991660912987e+06
1.482162800592704443e+06
1.487088632144082570e+06
1.492024501703104004e+06
1.496970402084097266e+06
1.501926339989468688e+06
1.506892323393651750e+06
1.511868346597665688e+06
1.516854424360639881e+06
1.521850551411536522e+06
1.526856733123626793e+06
1.531872977860079147e+06
1.536899279270203086e+06
1.541935653673067223e+06
1.546982093151131179e+06
1.552038606339102378e+06
1.557105197400073987e+06
1.562181863081717864e+06
1.567268619121749187e+06
1.572365454801011132e+06
1.577472385264167096e+06
1.582589405675767688e+06
1.587716522525753593e+06
1.592853740753375925e+06
1.598001057404983090e+06
1.603158486519258004e+06
1.608326017510632752e+06
1.613503669091236079e+06
1.618691430130503373e+06
1.623889314458518289e+06
1.629097318272655131e+06
1.634315448345064418e+06
1.639543707541301381e+06
1.644782096247949637e+06
1.650030623327456648e+06
1.655289283416418592e+06
1.660558090767200338e+06
1.665837035008265637e+06
1.671126134870670037e+06
1.676425376097674482e+06
1.681734780407052953e+06
1.687054332203695318e+06
1.692384051975050941e+06
1.697723926427278668e+06
1.703073973939846037e+06
1.708434182952787261e+06
1.713804570556520717e+06
1.719185125948264496e+06
1.724575865698240232e+06
1.729976779162527062e+06
1.735387883163780672e+06
1.740809166229270399e+06
1.746240646440442884e+06
1.751682310677682282e+06
1.757134178954632487e+06
1.762596235699979123e+06
1.768068503765802598e+06
1.773550965998948785e+06
1.779043643883369630e+06
1.784546523479150375e+06
1.790059622097241459e+06
1.795582930623967433e+06
1.801116461017220980e+06
1.806660209891023347e+06
1.812214183051867876e+06
1.817778383675009711e+06
1.823352810342390323e+06
1.828937473989628255e+06
1.834532364915047772e+06
1.840137502764133271e+06
1.845752871897100005e+06
1.851378491706491215e+06
1.857014351661953842e+06
1.862660462319646263e+06
1.868316824065975379e+06
1.873983435948975850e+06
1.879660310294681694e+06
1.885347435210208874e+06
1.891044831521869870e+06
1.896752485245803371e+06
1.902470408564593410e+06
1.908198601824686863e+06
1.913937062206841772e+06
1.919685805579626001e+06
1.925444818230351433e+06
1.931214116945814807e+06
1.936993695459114853e+06
1.942783556109512690e+06
1.948583710892579053e+06
1.954394147969848942e+06
1.960214884441107046e+06
1.966045913155126153e+06
1.971887235933006741e+06
1.977738866419199388e+06
1.983600792075022589e+06
1.989473027294768719e+06
1.995355569861505879e+06
2.001248415176256793e+06
2.007151584503053688e+06
2.013065061676898738e+06
2.018988855245314771e+06
2.024922974072006298e+06
2.030867408161963103e+06
2.036822171258741990e+06
2.042787261667170795e+06
2.048762674692101544e+06
2.054748428198370617e+06
2.060744512075546663e+06
2.066750926181302173e+06
2.072767690315759508e+06
2.078794789144622860e+06
2.084832227690976812e+06
2.090880020955075277e+06
2.096938156014602864e+06
2.103006639150216244e+06
2.109085482633593027e+06
2.115174674921475351e+06
2.121274222466944251e+06
2.127384137075686827e+06
2.133504407423950266e+06
2.139635039000800811e+06
2.145776045348885935e+06
2.151927414364725817e+06
2.158089149276576471e+06
2.164261267723216210e+06
2.170443755719297100e+06
2.176636615417601541e+06
2.182839863827025983e+06
2.189053490782013163e+06
2.195277496209792327e+06
2.201511892098211218e+06
2.207756677947591990e+06
2.214011848820687272e+06
2.220277410596320406e+06
2.226553374726724811e+06
2.232839730501670390e+06
2.239136479929080233e+06
2.245443638087944593e+06
2.251761197893662844e+06
2.258089157875469886e+06
2.264427523876741063e+06
2.270776306867497973e+06
2.277135496316072065e+06
2.283505094414877240e+06
2.289885112451614346e+06
2.296275550081216265e+06
2.302676402641835157e+06
2.309087672213740181e+06
2.315509373486531433e+06
2.321941498884967528e+06
2.328384047460029833e+06
2.334837021258422174e+06
2.341300436284879688e+06
2.347774281825815793e+06
2.354258558734235354e+06
2.360753268940612674e+06
2.367258427590171341e+06
2.373774025247200392e+06
2.380300062247938942e+06
2.386836540490089916e+06
2.393383471918175463e+06
2.399940853133649100e+06
2.406508681371657643e+06
2.413086958759265486e+06
2.419675691693377215e+06
2.426274887216141913e+06
2.432884537483797409e+06
2.439504644515222404e+06
2.446135210326513276e+06
2.452776247232787311e+06
2.459427749790714122e+06
2.466089716781027149e+06
2.472762149914209731e+06
2.479445051172931213e+06
2.486138435551785864e+06
2.492842291894942522e+06
2.499556621889397968e+06
2.506281427395237144e+06
2.513016710217976011e+06
2.519762484351993073e+06
2.526518740113135427e+06
2.533285478608376812e+06
2.540062701650014147e+06
2.546850411071476992e+06
2.553648616077955347e+06
2.560457315806542989e+06
2.567276507208626717e+06
2.574106191910998430e+06
2.580946371932103299e+06
2.587797048888535704e+06
2.594658235115618445e+06
2.601529922746426892e+06
2.608412112589207012e+06
2.615304806311937049e+06
2.622208005490580574e+06
2.629121712106680963e+06
2.636045935973247513e+06
2.642980673259830102e+06
2.649925922755861189e+06
2.656881686413295101e+06
2.663847965656684712e+06
2.670824762294309214e+06
2.677812078690269496e+06
2.684809925284164958e+06
2.691818294179690070e+06
2.698837187076653820e+06
2.705866605442973319e+06
2.712906550988190807e+06
2.719957025323347189e+06
2.727018030106667429e+06
2.734089572778372094e+06
2.741171652465629857e+06
2.748264267306166235e+06
2.755367418849747162e+06
2.762481108689736575e+06
2.769605338427218609e+06
2.776740109601730015e+06
2.783885423763338476e+06
2.791041283634859137e+06
2.798207696734834928e+06
2.805384657377566211e+06
2.812572167099592742e+06
2.819770227340339217e+06
2.826978839855462778e+06
2.834198006027617026e+06
2.841427727356386371e+06
2.848668005234466866e+06
2.855918841415117029e+06
2.863180237414839678e+06
2.870452201159859076e+06
2.877734727515914012e+06
2.885027817819049582e+06
2.892331473406552803e+06
2.899645695993347559e+06
2.906970486762305256e+06
2.914305847406912595e+06
2.921651779095651116e+06
2.929008283512707334e+06
2.936375361811859533e+06
2.943753015667770524e+06
2.951141246219179127e+06
2.958540055131178349e+06
2.965949447285862174e+06
2.973369421609845478e+06
2.980799978184895590e+06
2.988241118520293385e+06
2.995692843708504923e+06
3.003155155246087350e+06
3.010628054487176705e+06
3.018111542919983156e+06
3.025605621607907116e+06
3.033110292026485782e+06
3.040625555504950695e+06
3.048151413365491666e+06
3.055687866923460271e+06
3.063234917487443425e+06
3.070792566359412856e+06
3.078360814834893215e+06
3.085939664203153457e+06
3.093529115747392178e+06
3.101129170745009091e+06
3.108739830464133993e+06
3.116361096150244121e+06
3.123992969056793023e+06
3.131635450434579514e+06
3.139288541529609356e+06
3.146952243431277573e+06
3.154626557679301128e+06
3.162311485320120119e+06
3.170007027561306953e+06
3.177713185466842260e+06
3.185429960562217981e+06
3.193157353902210947e+06
3.200895366481579840e+06
3.208643999798336998e+06
3.216403254894887097e+06
3.224173132806853391e+06
3.231953634976482950e+06
3.239744762239712756e+06
3.247546516104418319e+06
3.255358897412518505e+06
3.263181907572018914e+06
3.271015547423392069e+06
3.278859818466795608e+06
3.286714721436510328e+06
3.294580257790272124e+06
3.302456428361313883e+06
3.310343234356347471e+06
3.318240677050466184e+06
3.326148757256120909e+06
3.334067476143929176e+06
3.341996835002632812e+06
3.349936834592733532e+06
3.357887476068147458e+06
3.365848760574197397e+06
3.373820689271577634e+06
3.381803262873056810e+06
3.389796482633138075e+06
3.397800349500052165e+06
3.405814864599506836e+06
3.413840028847610578e+06
3.421875843348510098e+06
3.429922309036135674e+06
3.437979426960446872e+06
3.446047198271886446e+06
3.454125623600386549e+06
3.462214704489831347e+06
3.470314447099993937e+06
3.478424847252927721e+06
3.486545905706399120e+06
3.494677623436448630e+06
3.502820001396129839e+06
3.510973040513312444e+06
3.519136741775732487e+06
3.527311106050130446e+06
3.535496134361453354e+06
3.543691827334759757e+06
3.551898186386560090e+06
3.560115212137431838e+06
3.568342905562223401e+06
3.576581269711945672e+06
3.584830310083800461e+06
3.593090021074053831e+06
3.601360403262726963e+06
3.609641457990186289e+06
3.617933185922074597e+06
3.626235587647135369e+06
3.634548664523458574e+06
3.642872417142377701e+06
3.651206846107569057e+06
3.659551952753255609e+06
3.667907744555978570e+06
3.676274219849693589e+06
3.684651375131980516e+06
3.693039211572118104e+06
3.701437729520570487e+06
3.709846930279090069e+06
3.718266814192869235e+06
3.726697382417626213e+06
3.735138635352196638e+06
3.743590582443482243e+06
3.752053221155210398e+06
3.760526547102103475e+06
3.769010561318145599e+06
3.777505264774394222e+06
3.786010657751732506e+06
3.794526741179230157e+06
3.803053515833447687e+06
3.811590992933380883e+06
3.820139167470282409e+06
3.828698035656628199e+06
3.837267598194002174e+06
3.845847855837190989e+06
3.854438809513431042e+06
3.863040459451957140e+06
3.871652814303603955e+06
3.880275876121127047e+06
3.888909636740802787e+06
3.897554096864941064e+06
3.906209257149214391e+06
3.914875118241947610e+06
3.923551680786640849e+06
3.932238960192508530e+06
3.940936946158520412e+06
3.949645635777303949e+06
3.958365029694344848e+06
3.967095128531103954e+06
3.975835932896640152e+06
3.984587455072630197e+06
3.993349692393386737e+06
4.002122637344880030e+06
4.010906290515381843e+06
4.019700652487344574e+06
4.028505723592150491e+06
4.037321520533897448e+06
4.046148033974468708e+06
4.054985258804237470e+06
4.063833195577444509e+06
4.072691844591932371e+06
4.081561210954507347e+06
4.090441309716587421e+06
4.099332122903200798e+06
4.108233650784733705e+06
4.117145894388071261e+06
4.126068853973333724e+06
4.135002551181379706e+06
4.143946968773968052e+06
4.152902104188345838e+06
4.161867957654363476e+06
4.170844530177972279e+06
4.179831842449505813e+06
4.188829879873689730e+06
4.197838637595308945e+06
4.206858116605808027e+06
4.215888317098490894e+06
4.224929264407446608e+06
4.233980936461048201e+06
4.243043331409545615e+06
4.252116449955395423e+06
4.261200299301964231e+06
4.270294894636327401e+06
4.279400215466914698e+06
4.288516261651280336e+06
4.297643034118928015e+06
4.306780552849938162e+06
4.315928807998764329e+06
4.325087790973424911e+06
4.334257501599321142e+06
4.343437948982990347e+06
4.352629147762763314e+06
4.361831075653954409e+06
4.371043733264602721e+06
4.380267120952016674e+06
4.389501271199964918e+06
4.398746152488989756e+06
4.408001765286161564e+06
4.417268109883490019e+06
4.426545214397594333e+06
4.435833057046758011e+06
4.445131632824491709e+06
4.454440942060454749e+06
4.463761011528605595e+06
4.473091823193900287e+06
4.482433369822933339e+06
4.491785651133710518e+06
4.501148696546658874e+06
4.510522484550365247e+06
4.519907008677301928e+06
4.529302269231920131e+06
4.538708301082303748e+06
4.548125072421696968e+06
4.557552581275052391e+06
4.566990833737127483e+06
4.576439856525745243e+06
4.585899617896769196e+06
4.595370118114295416e+06
4.604851374872454442e+06
4.614343392838691361e+06
4.623846150640274398e+06
4.633359648565279320e+06
4.642883919182312675e+06
4.652418938450299203e+06
4.661964698784776963e+06
4.671521210602351464e+06
4.681088495077661239e+06
4.690666521526749246e+06
4.700255290182806551e+06
4.709854832413468510e+06
4.719465128546622582e+06
4.729086167730185203e+06
4.738717963284154423e+06
4.748360532216480933e+06
4.758013845293492079e+06
4.767677902166957967e+06
4.777352744568893686e+06
4.787038334424364381e+06
4.796734669214102440e+06
4.806441776232627220e+06
4.816159646333355457e+06
4.825888262169952504e+06
4.835627638512755744e+06
4.845377791909811087e+06
4.855138691706377082e+06
4.864910342073243111e+06
4.874692781719315797e+06
4.884485968182086013e+06
4.894289900924588554e+06
4.904104625811173581e+06
4.913930101379289292e+06
4.923766324526442215e+06
4.933613334077049978e+06
4.943471101797976531e+06
4.953339617371518165e+06
4.963218915825867094e+06
4.973108977939031087e+06
4.983009788586705923e+06
4.992921380399615504e+06
5.002843739829543047e+06
5.012776847302597016e+06
5.022720737258899957e+06
5.032675395356330089e+06
5.042640802721900865e+06
5.052616994113674387e+06
5.062603953484618105e+06
5.072601662306810729e+06
5.082610159705682658e+06
5.092629422174425796e+06
5.102659434554853477e+06
5.112700241735332645e+06
5.122751809361438267e+06
5.132814126866462640e+06
5.142887247946497053e+06
5.152971122200055979e+06
5.163065752329846844e+06
5.173171185294768773e+06
5.183287367918937467e+06
5.193414318045671098e+06
5.203552060256901197e+06
5.213700553145847283e+06
5.223859826770543121e+06
5.234029880156967789e+06
5.244210683705223724e+06
5.254402284491619095e+06
5.264604650212456472e+06
5.274817769047171809e+06
5.285041697840013541e+06
5.295276376933655702e+06
5.305521828195513226e+06
5.315778071501486003e+06
5.326045064931147732e+06
5.336322852364101447e+06
5.346611411052103154e+06
5.356910721831295639e+06
5.367220846505097114e+06
5.377541721344924532e+06
5.387873373522366397e+06
5.398215815248032100e+06
5.408569006902351975e+06
5.418933003548028879e+06
5.429307762895185500e+06
5.439693288421827368e+06
5.450089615999299102e+06
5.460496693420703523e+06
5.470914568341434933e+06
5.481343214647328481e+06
5.491782621583796106e+06
5.502232837648261338e+06
5.512693802948935889e+06
5.523165563954528421e+06
5.533648099579447880e+06
5.544141395511506125e+06
5.554645501374971122e+06
5.565160356615744531e+06
5.575686011206225492e+06
5.586222437480282970e+06
5.596769629971025512e+06
5.607327628032336943e+06
5.617896373790614307e+06
5.628475929026963189e+06
5.639066247211988084e+06
5.649667343174694106e+06
5.660279233600843698e+06
5.670901871019182727e+06
5.681535333798190579e+06
5.692179544227538630e+06
5.702834549676539376e+06
5.713500332737924531e+06
5.724176882822229527e+06
5.734864239030628465e+06
5.745562341060944833e+06
5.756271263088454492e+06
5.766990938513754867e+06
5.777721406662121415e+06
5.788462655322889797e+06
5.799214671286618337e+06
5.809977492674684152e+06
5.820751059500777163e+06
5.831535451763845980e+06
5.842330591738743708e+06
5.853136533979895525e+06
5.863953246538508683e+06
5.874780739018511027e+06
5.885619024817887694e+06
5.896468068477767520e+06
5.907327927504847758e+06
5.918198529835587367e+06
5.929079955107240006e+06
5.939972130105754361e+06
5.950875108874364756e+06
5.961788856117995456e+06
5.972713388593040407e+06
5.983648708390391432e+06
5.994594794673503377e+06
6.005551687329866923e+06
6.016519328558360226e+06
6.027497793492914177e+06
6.038486997784258798e+06
6.049487027463760227e+06
6.060497803282517940e+06
6.071519389539857395e+06
6.082551736603910103e+06
6.093594879474141635e+06
6.104648798003194854e+06
6.115713498578273691e+06
6.126788987303883769e+06
6.137875246726501733e+06
6.148972305840744637e+06
6.160080123561934568e+06
6.171198753206046298e+06
6.182328130235210061e+06
6.193468328936299309e+06
6.204619266274983063e+06
6.215781034121505916e+06
6.226953536212632433e+06
6.238136868211511523e+06
6.249330938267172314e+06
6.260535830598955974e+06
6.271751468123086728e+06
6.282977922298030928e+06
6.294215126744766720e+06
6.305463142035461962e+06
6.316721912810640410e+06
6.327991490661465563e+06
6.339271827142441645e+06
6.350562966770255938e+06
6.361864868300225586e+06
6.373177570560003631e+06
6.384501036451462656e+06
6.395835302187892608e+06
6.407180331722497009e+06
6.418536160067182034e+06
6.429902752491248772e+06
6.441280144243454561e+06
6.452668298772034235e+06
6.464067254146145657e+06
6.475476969961873256e+06
6.486897489728645422e+06
6.498328765983426012e+06
6.509770849159142002e+06
6.521223684969728813e+06
6.532687332280792296e+06
6.544161726733889431e+06
6.555646938309422694e+06
6.567142890460718423e+06
6.578649666409866884e+06
6.590167175284737721e+06
6.601695515697460622e+06
6.613234584416016936e+06
6.624784485239853151e+06
6.636345118546743877e+06
6.647916574022769928e+06
6.659498771918416023e+06
6.671091780943050049e+06
6.682695543440794572e+06
6.694310104898726568e+06
6.705935431996750645e+06
6.717571544746494852e+06
6.729218436428404413e+06
6.740876099303930998e+06
6.752544555540757254e+06
6.764223766731858253e+06
6.775913787481753156e+06
6.787614547019904479e+06
6.799326132194783539e+06
6.811048445738412440e+06
6.822781587517634965e+06
6.834525465296219103e+06
6.846280152039431967e+06
6.858045593316849321e+06
6.869821823715718463e+06
6.881608829655417241e+06
6.893406602388855070e+06
6.905215172209799290e+06
6.917034485126031563e+06
6.928864618463865481e+06
6.940705479896791279e+06
6.952557168052063324e+06
6.964419592818425968e+06
6.976292818110877648e+06
6.988176806051086634e+06
7.000071568248006515e+06
7.011977118891485035e+06
7.023893414964896627e+06
7.035820528048071079e+06
7.047758368831566535e+06
7.059707033185110427e+06
7.071666435491576791e+06
7.083636631001721136e+06
7.095617595547351986e+06
7.107609319796120748e+06
7.119611845682963729e+06
7.131625098837774247e+06
7.143649184786199592e+06
7.155683998707336374e+06
7.167729610929248855e+06
7.179785984478485771e+06
7.191853120724976063e+06
7.203931055069843307e+06
7.216019715247884393e+06
7.228119206449623220e+06
7.240229426510651596e+06
7.252350437017784454e+06
7.264482216072823852e+06
7.276624744681616314e+06
7.288778081831503659e+06
7.300942144182879478e+06
7.313117021428664215e+06
7.325302642241217196e+06
7.337499032528174110e+06
7.349706210102578625e+06
7.361924112347110175e+06
7.374152846297797747e+06
7.386392304811635055e+06
7.398642547895317897e+06
7.410903561842191964e+06
7.423175312322869897e+06
7.435457881355982274e+06
7.447751175448491238e+06
7.460055259918594733e+06
7.472370108176181093e+06
7.484695695358485915e+06
7.497032096810364164e+06
7.509379221332743764e+06
7.521737138389718719e+06
7.534105815446499735e+06
7.546485229937683791e+06
7.558875458499635570e+06
7.571276410368071869e+06
7.583688148117340170e+06
7.596110650341251865e+06
7.608543880650748499e+06
7.620987932982161641e+06
7.633442707411929965e+06
7.645908254553541541e+06
7.658384577959751710e+06
7.670871623826725408e+06
7.683369483582252637e+06
7.695878076316251419e+06
7.708397421429445036e+06
7.720927560789907351e+06
7.733468421182336286e+06
7.746020073102382012e+06
7.758582479038608260e+06
7.771155608663260937e+06
7.783739560277036391e+06
7.796334230992035940e+06
7.808939660430905409e+06
7.821555875486940145e+06
7.834182809109822847e+06
7.846820534451952204e+06
7.859469010252730921e+06
7.872128206293173134e+06
7.884798222880307585e+06
7.897478958274855278e+06
7.910170442879865877e+06
7.922872717665179633e+06
7.935585710649655201e+06
7.948309478806844912e+06
7.961044009733820334e+06
7.973789259052155539e+06
7.986545307290067896e+06
7.999312092258386314e+06
8.012089597478442825e+06
8.024877918905990198e+06
8.037676955775250681e+06
8.050486733158051036e+06
8.063307304004769772e+06
8.076138590600262396e+06
8.088980635543970391e+06
8.101833455248406157e+06
8.114696989245970733e+06
8.127571297140154988e+06
8.140456361774520949e+06
8.153352140685435385e+06
8.166258706914350390e+06
8.179176015033868141e+06
8.192104037134884857e+06
8.205042857053321786e+06
8.217992406057314016e+06
8.230952667244275101e+06
8.243923736163955182e+06
8.256905523272836581e+06
8.269898023075166158e+06
8.282901334874616005e+06
8.295915357593549415e+06
8.308940097472991794e+06
8.321975642951502465e+06
8.335021899842735380e+06
8.348078874392344616e+06
8.361146651073005050e+06
8.374225137868644670e+06
8.387314341585917398e+06
8.400414347169155255e+06
8.413525061504274607e+06
8.426646489503059536e+06
8.439778721004271880e+06
8.452921660180725157e+06
8.466075307508468628e+06
8.479239761532237753e+06
8.492414923271266744e+06
8.505600791600320488e+06
8.518797458079181612e+06
8.532004839019577950e+06
8.545222925791051239e+06
8.558451799108453095e+06
8.571691396209638566e+06
8.584941698857441545e+06
8.598202772813545540e+06
8.611474582843476906e+06
8.624757097590159625e+06
8.638050367248581722e+06
8.651354388227827847e+06
8.664669112781167030e+06
8.677994571635184810e+06
8.691330800115786493e+06
8.704677730926869437e+06
8.718035373364621773e+06
8.731403806041533127e+06
8.744782939979095012e+06
8.758172774248845875e+06
8.771573392573496327e+06
8.784984726748635992e+06
8.798406760728498921e+06
8.811839549432273954e+06
8.825283080007286742e+06
8.838737310049900785e+06
8.852202261290065944e+06
8.865677985582873225e+06
8.879164407662088051e+06
8.892661527832442895e+06
8.906169431688962504e+06
8.919688043043248355e+06
8.933217349892791361e+06
8.946757403690384701e+06
8.960308200335379690e+06
8.973869692801166326e+06
8.987441889660887420e+06
9.001024867311688140e+06
9.014618540747022256e+06
9.028222908242637292e+06
9.041838031247513369e+06
9.055463880703348666e+06
9.069100424805594608e+06
9.082747675689104944e+06
9.096405700284816325e+06
9.110074415462994948e+06
9.123753823895344511e+06
9.137443982390489429e+06
9.151144867875326425e+06
9.164856442715354264e+06
9.178578714408416301e+06
9.192311764915844426e+06
9.206055503612201661e+06
9.219809932856477797e+06
9.233575092811670154e+06
9.247350993082297966e+06
9.261137579776579514e+06
9.274934855506910011e+06
9.288742893499802798e+06
9.302561635437158868e+06
9.316391065048124641e+06
9.330231191108478233e+06
9.344082084403408691e+06
9.357943663474453613e+06
9.371815927825910971e+06
9.385698910880086944e+06
9.399592635993681848e+06
9.413497043947540224e+06
9.427412135708123446e+06
9.441337966738548130e+06
9.455274514833854511e+06
9.469221746285637841e+06
9.483179659398173913e+06
9.497148324013441801e+06
9.511127690817747265e+06
9.525117736389391124e+06
9.539118463346896693e+06
9.553129952986454591e+06
9.567152128228589892e+06
9.581184983781956136e+06
9.595228516005495563e+06
9.609282817369427532e+06
9.623347795840399340e+06
9.637423451983658597e+06
9.651509785988636315e+06
9.665606885064760223e+06
9.679714659944918007e+06
9.693833109277026728e+06
9.707962234058866277e+06
9.722102121797928587e+06
9.736252684896593913e+06
9.750413920070860535e+06
9.764585830017441884e+06
9.778768492707295343e+06
9.792961836196705699e+06
9.807165850643295795e+06
9.821380537060379982e+06
9.835605962717060000e+06
9.849842079322351143e+06
9.864088864291947335e+06
9.878346320502875373e+06
9.892614496097102761e+06
9.906893377355216071e+06
9.921182926168877631e+06
9.935483142457995564e+06
9.949794055971017107e+06
9.964115693794736639e+06
9.978447998801667243e+06
9.992790968501931056e+06
1.000714460638008080e+07
1.002150899297407642e+07
1.003588404533663765e+07
1.005026976089891419e+07
1.006466613959697075e+07
1.007907323663033731e+07
1.009349102733074687e+07
1.010791948097408377e+07
1.012235859512773715e+07
1.013680838574248739e+07
1.015126890820969269e+07
1.016574008962318115e+07
1.018022193244739436e+07
1.019471443305386417e+07
1.020921764707401581e+07
1.022373155072073266e+07
1.023825611079912074e+07
1.025279132780586183e+07
1.026733720752255991e+07
1.028189382195292227e+07
1.029646109173517674e+07
1.031103901852084137e+07
1.032562759908578172e+07
1.034022686435895227e+07
1.035483683707160689e+07
1.036945746224461496e+07
1.038408874003816582e+07
1.039873067114741355e+07
1.041338330356450938e+07
1.042804661932907440e+07
1.044272058671879210e+07
1.045740520349071547e+07
1.047210047033824027e+07
1.048680644975756481e+07
1.050152309562190063e+07
1.051625039024306461e+07
1.053098833263151534e+07
1.054573692310638353e+07
1.056049622606672905e+07
1.057526618935316801e+07
1.059004679944037460e+07
1.060483805302666500e+07
1.061963995172378607e+07
1.063445255830312148e+07
1.064927582560148835e+07
1.066410973449796252e+07
1.067895428639633395e+07
1.069380948035251163e+07
1.070867536800927483e+07
1.072355192424950935e+07
1.073843911996811628e+07
1.075333695554992184e+07
1.076824543007547408e+07
1.078316457852708735e+07
1.079809440860067680e+07
1.081303487636533380e+07
1.082798598092079908e+07
1.084294772228744812e+07
1.085792010795768723e+07
1.087290319836211950e+07
1.088789692341078818e+07
1.090290128296978958e+07
1.091791627685949579e+07
1.093294190419926494e+07
1.094797821250992827e+07
1.096302518051634915e+07
1.097808278067905270e+07
1.099315101216481067e+07
1.100822987411729060e+07
1.102331936795894988e+07
1.103841956450463459e+07
1.105353039164476469e+07
1.106865184575513564e+07
1.108378392739232630e+07
1.109892663632943295e+07
1.111407999493419752e+07
1.112924403117499128e+07
1.114441869284789637e+07
1.115960397921332531e+07
1.117479989176007174e+07
1.119000642709852196e+07
1.120522361776774563e+07
1.122045147181190550e+07
1.123568994777594879e+07
1.125093904571988434e+07
1.126619876495244540e+07
1.128146910468350537e+07
1.129675009422914498e+07
1.131204174435466528e+07
1.132734401356560737e+07
1.134265690115832537e+07
1.135798040781269595e+07
1.137331452985230647e+07
1.138865928485896997e+07
1.140401470960662514e+07
1.141938074983345345e+07
1.143475740477817319e+07
1.145014467368444055e+07
1.146554255580924451e+07
1.148095105099052377e+07
1.149637021959611401e+07
1.151180000833542645e+07
1.152724040815456584e+07
1.154269141831341200e+07
1.155815303820681013e+07
1.157362526776099950e+07
1.158910812869821861e+07
1.160460164323314093e+07
1.162010576522357203e+07
1.163562049394338392e+07
1.165114582886059955e+07
1.166668176983652450e+07
1.168222831618730538e+07
1.169778550518923625e+07
1.171335332637374103e+07
1.172893175067756884e+07
1.174452077748808078e+07
1.176012040665397607e+07
1.177573063755025901e+07
1.179135146946621872e+07
1.180698293987109885e+07
1.182262503645925969e+07
1.183827773184551671e+07
1.185394102409955673e+07
1.186961491597886756e+07
1.188529940522838570e+07
1.190099449114905298e+07
1.191670019554225728e+07
1.193241653592522070e+07
1.194814347078363597e+07
1.196388099974372238e+07
1.197962912240063585e+07
1.199538783806158975e+07
1.201115714603665471e+07
1.202693704563869722e+07
1.204272758674329892e+07
1.205852872902475297e+07
1.207434046084201150e+07
1.209016278190899640e+07
1.210599569159439392e+07
1.212183918921495415e+07
1.213769327408986725e+07
1.215355794741600938e+07
1.216943326458545402e+07
1.218531916522270441e+07
1.220121565194458701e+07
1.221712272279442474e+07
1.223304037716718018e+07
1.224896861438618973e+07
1.226490743377678841e+07
1.228085683466633037e+07
1.229681686524806172e+07
1.231278748494347744e+07
1.232876868398971297e+07
1.234476046176569536e+07
1.236076281788589247e+07
1.237677575172714517e+07
1.239279926094906405e+07
1.240883334821595997e+07
1.242487802920304984e+07
1.244093332311790995e+07
1.245699919126438722e+07
1.247307563129229471e+07
1.248916264590513706e+07
1.250526023278664611e+07
1.252136839149478078e+07
1.253748712141168490e+07
1.255361642016719840e+07
1.256975630794979818e+07
1.258590680121599510e+07
1.260206786287003756e+07
1.261823949224821478e+07
1.263442168696706556e+07
1.265061444980118051e+07
1.266681777837429196e+07
1.268303167202653363e+07
1.269925612841573358e+07
1.271549115049606934e+07
1.273173677739677764e+07
1.274799297673376463e+07
1.276425973613005504e+07
1.278053705840980262e+07
1.279682494116554968e+07
1.281312338373240829e+07
1.282943238368391432e+07
1.284575194387392886e+07
1.286208206188231334e+07
1.287842273704533838e+07
1.289477399991686828e+07
1.291113583617399447e+07
1.292750822741733305e+07
1.294389117127488926e+07
1.296028467069496214e+07
1.297668872322664037e+07
1.299310332819901966e+07
1.300952848313964158e+07
1.302596419097457454e+07
1.304241044923744537e+07
1.305886725544574857e+07
1.307533464942043833e+07
1.309181260088846460e+07
1.310830109808729775e+07
1.312480014398131520e+07
1.314130973608222976e+07
1.315782987188469246e+07
1.317436055437298864e+07
1.319090178104763478e+07
1.320745354939151555e+07
1.322401586240919679e+07
1.324058871758940257e+07
1.325717211254713498e+07
1.327376609301396832e+07
1.329037061342054792e+07
1.330698567125460505e+07
1.332361126956172474e+07
1.334024740580034256e+07
1.335689407740993798e+07
1.337355128745330498e+07
1.339021903337598778e+07
1.340689731260417216e+07
1.342358612822268903e+07
1.344028547577000968e+07
1.345699535833971016e+07
1.347371577419829182e+07
1.349044675854546763e+07
1.350718827564851381e+07
1.352394032100694627e+07
1.354070289774561860e+07
1.355747600326907448e+07
1.357425963496097177e+07
1.359105379596982524e+07
1.360785848175554723e+07
1.362467369547635689e+07
1.364149943451523036e+07
1.365833569623347372e+07
1.367518248381393217e+07
1.369203979267502204e+07
1.370890762600988708e+07
1.372578599645399675e+07
1.374267490610443242e+07
1.375957433791506849e+07
1.377648428725979477e+07
1.379340475736756064e+07
1.381033574359842762e+07
1.382727724919254333e+07
1.384422926949587092e+07
1.386119180776000209e+07
1.387816486130547896e+07
1.389514842742901854e+07
1.391214250940994360e+07
1.392914710254801251e+07
1.394616221013473161e+07
1.396318782745499909e+07
1.398022395781282522e+07
1.399727059647801705e+07
1.401432776133218408e+07
1.403139544890288077e+07
1.404847364643360861e+07
1.406556234916213527e+07
1.408266156043113023e+07
1.409977127546266653e+07
1.411689149761323072e+07
1.413402222208916023e+07
1.415116345226103254e+07
1.416831518331926316e+07
1.418547741864887811e+07
1.420265015342422388e+07
1.421983339104512334e+07
1.423702712666970491e+07
1.425423136371301487e+07
1.427144609731155448e+07
1.428867133085664362e+07
1.430590705946078897e+07
1.432315328656499833e+07
1.434041000727184489e+07
1.435767722503839806e+07
1.437495494759733975e+07
1.439224317723147012e+07
1.440954189728092775e+07
1.442685110912364908e+07
1.444417081414416060e+07
1.446150100739359297e+07
1.447884169237713143e+07
1.449619286412828974e+07
1.451355452617031522e+07
1.453092667351896316e+07
1.454830930971605703e+07
1.456570242975948937e+07
1.458310603506292403e+07
1.460052012704802118e+07
1.461794470069679804e+07
1.463537975958860479e+07
1.465282529868743941e+07
1.467028132152741775e+07
1.468774782295344397e+07
1.470522480439946800e+07
1.472271226730909944e+07
1.474021020660111494e+07
1.475771862590562552e+07
1.477523752012240328e+07
1.479276689070778526e+07
1.481030673912796937e+07
1.482785706026537716e+07
1.484541785779335164e+07
1.486298912657522783e+07
1.488057086809143610e+07
1.489816308459367789e+07
1.491576578404440917e+07
1.493337895596914552e+07
1.495100259499248490e+07
1.496863670254586823e+07
1.498628128013346158e+07
1.500393632254970446e+07
1.502160183130158298e+07
1.503927780790808797e+07
1.505696424714598805e+07
1.507466115053748898e+07
1.509236851961745881e+07
1.511008634914510138e+07
1.512781464292956702e+07
1.514555339571056888e+07
1.516330260897289403e+07
1.518106228398558684e+07
1.519883241542236321e+07
1.521661300483850203e+07
1.523440405380341597e+07
1.525220555700514279e+07
1.527001751601747237e+07
1.528783993242902681e+07
1.530567280091015249e+07
1.532351612305433303e+07
1.534136990047060512e+07
1.535923412774134241e+07
1.537710880608788878e+07
1.539499393473131210e+07
1.541288951528636180e+07
1.543079554237173684e+07
1.544871201760778017e+07
1.546663894263176620e+07
1.548457631204491667e+07
1.550252412749068625e+07
1.552048239063016698e+07
1.553845109593975917e+07
1.555643024460268579e+07
1.557441983585350774e+07
1.559241987136135064e+07
1.561043034567436203e+07
1.562845126046875119e+07
