1.057744473414160439e+03
3.865079828728590655e+04
6.500754996236993611e+04
8.769744831289538706e+04
1.093391153233552031e+05
1.303728065105242276e+05
1.504846050966620678e+05
1.703991637804543716e+05
1.902394905699910014e+05
2.100000975697570539e+05
2.296177513181203685e+05
2.489971409829756012e+05
2.680267798577751382e+05
2.865891417509408784e+05
3.045672829002283397e+05
3.218492643551451038e+05
3.383311485519332928e+05
3.539190261420136667e+05
3.685303483766929712e+05
3.820947407852474134e+05
3.945544081848826609e+05
4.058642027600932051e+05
4.159914078791127540e+05
4.249152832109661540e+05
4.326264129609382944e+05
4.391259001571476110e+05
4.444244519215691835e+05
4.485414027481660014e+05
4.515037226710904506e+05
4.533450526459303219e+05
4.541048034644188010e+05
4.538273447328330367e+05
4.525613005087018246e+05
4.503589555690039415e+05
4.472757647268829169e+05
4.433699471799571766e+05
4.387021401933968882e+05
4.333350816773140104e+05
4.273332909804343944e+05
4.207627189325467334e+05
4.136903443907415494e+05
4.061837031518698786e+05
3.983103450307070743e+05
3.901372257545581670e+05
3.817300502692107111e+05
3.731525917933108285e+05
3.644660159464081516e+05
3.557282410937687964e+05
3.469933641899477225e+05
3.383111771197781200e+05
3.297267920566648245e+05
3.212803867476385203e+05
3.130070728815236944e+05
3.049368836113574216e+05
2.970948703643262270e+05
2.895012946694630664e+05
2.821718979978036368e+05
2.751182313875360414e+05
2.683480267343992600e+05
2.618655928092080576e+05
2.556722209422628803e+05
2.497665876033931854e+05
2.441451435982342518e+05
2.388024820657577657e+05
2.337316797429887520e+05
2.289246079765637405e+05
2.243722116907312011e+05
2.200647558996266453e+05
2.159920404316245695e+05
2.121435843442064652e+05
2.085087820377279713e+05
2.050770334368174663e+05
2.018378507787982235e+05
1.987809446012945264e+05
1.958962914708084718e+05
1.931741858707998181e+05
1.906052785194858443e+05
1.881806031742787163e+05
1.858915938049556862e+05
1.837300937794977508e+05
1.816883585422287870e+05
1.797590530391605862e+05
1.779352449906906113e+05
1.762103949471511878e+05
1.745783439065779385e+05
1.730332991639185930e+05
1.715698189307109278e+05
1.701827961858279887e+05
1.688674421090169053e+05
1.676192693972316338e+05
1.664340756945222674e+05
1.653079273176254064e+05
1.642371434075096913e+05
1.632182806159810862e+05
1.622481183973667212e+05
1.613236449470481894e+05
1.604420438299171801e+05
1.596006812969716848e+05
1.587970943065651518e+05
1.580289792273185449e+05
1.572941812167079770e+05
1.565906842618656519e+05
1.559166018349187507e+05
1.552701681641744799e+05
1.546497300668175740e+05
1.540537393403349270e+05
1.534807456489468750e+05
1.529293899124892778e+05
1.523983981407085084e+05
1.518865756925021706e+05
1.513928019421625359e+05
1.509160253134231316e+05
1.504552586590757128e+05
1.500095749733880220e+05
1.495781033971470315e+05
1.491600255094337335e+05
1.487545718803968921e+05
1.483610188623555878e+05
1.479786856077923730e+05
1.476069313010604819e+05
1.472451525766190025e+05
1.468927811203646997e+05
1.465492814391676220e+05
1.462141487819101603e+05
1.458869072084410873e+05
1.455671077824819949e+05
1.452543269013186800e+05
1.449481647264416097e+05
1.446482437290487287e+05
1.443542073295963055e+05
1.440657186320232577e+05
1.437824592378240777e+05
1.435041281435683195e+05
1.432304407085465209e+05
1.429611276909807348e+05
1.426959343470965105e+05
1.424346195881128369e+05
1.421769551940576930e+05
1.419227250731772801e+05
1.416717245757155470e+05
1.414237598429755017e+05
1.411786472032250604e+05
1.409362126054102555e+05
1.406962910824177379e+05
1.404587262546943384e+05
1.402233698604738165e+05
1.399900813135405770e+05
1.397587272910591564e+05
1.395291813440229162e+05
1.393013235316349019e+05
1.390750400772905559e+05
1.388502230449283088e+05
1.386267700338425057e+05
1.384045838931691833e+05
1.381835724495815812e+05
1.379636482543898746e+05
1.377447283413420955e+05
1.375267340013935755e+05
1.373095905683164892e+05
1.370932272172167432e+05
1.368775767720333533e+05
1.366625755283662293e+05
1.364481630796439131e+05
1.362342821590208332e+05
1.360208784848915238e+05
1.358079006187614286e+05
1.355952998254951090e+05
1.353830299485761498e+05
1.351710472827619233e+05
1.349593104629537847e+05
1.347477803493457614e+05
1.345364199274644197e+05
1.343251942060657893e+05
1.341140701246901590e+05
1.339030164641082229e+05
1.336920037615874317e+05
1.334810042303856462e+05
1.332699916833270399e+05
1.330589414600396412e+05
1.328478303578168852e+05
1.326366365658412687e+05
1.324253396022213274e+05
1.322139202554447111e+05
1.320023605265081860e+05
1.317906435748467047e+05
1.315787536678793258e+05
1.313666761305180553e+05
1.311543972996571683e+05
1.309419044784710713e+05
1.307291858935151540e+05
1.305162306564783212e+05
1.303030287215823919e+05
1.300895708522024652e+05
1.298758485828667035e+05
1.296618541867924359e+05
1.294475806430943776e+05
1.292330216062770633e+05
1.290181713758108963e+05
1.288030248686778505e+05
1.285875775917331775e+05
1.283718256172683759e+05
1.281557655560886633e+05
1.279393945351588336e+05
1.277227101747370325e+05
1.275057105663090915e+05
1.272883942516995885e+05
1.270707602043135121e+05
1.268528078075456433e+05
1.266345368391073280e+05
1.264159474516652990e+05
1.261970401565948559e+05
1.259778158075103856e+05
1.257582755853184644e+05
1.255384209828918101e+05
1.253182537901861360e+05
1.250977760821845586e+05
1.248769902029925288e+05
1.246558987562202674e+05
1.244345045909248875e+05
1.242128107899535826e+05
1.239908206591806374e+05
1.237685377163467056e+05
1.235459656817151554e+05
1.233231084660670895e+05
1.230999701633386576e+05
1.228765550392622827e+05
1.226528675244762271e+05
1.224289122039582144e+05
1.222046938105444715e+05
1.219802172161998606e+05
1.217554874242271908e+05
1.215305095621419605e+05
1.213052888753299339e+05
1.210798307185535232e+05
1.208541405512065394e+05
1.206282239297013584e+05
1.204020865028570115e+05
1.201757340038418915e+05
1.199491722468840308e+05
1.197224071200305916e+05
1.194954445817998785e+05
1.192682906536829832e+05
1.190409514172449854e+05
1.188134330095709447e+05
1.185857416170973884e+05
1.183578834729487426e+05
1.181298648517948313e+05
1.179016920660741016e+05
1.176733714621734107e+05
1.174449094176041399e+05
1.172163123350266105e+05
1.169875866413531476e+05
1.167587387837587157e+05
1.165297752243156137e+05
1.163007024409817677e+05
1.160715269201061747e+05
1.158422551575728139e+05
1.156128936531793734e+05
1.153834489092324366e+05
1.151539274289128225e+05
1.149243357109902281e+05
1.146946802503302315e+05
1.144649675348085584e+05
1.142352040417814715e+05
1.140053962376690033e+05
1.137755505759218941e+05
1.135456734927154175e+05
1.133157714091450616e+05
1.130858507248197275e+05
1.128559178197401634e+05
1.126259790516598441e+05
1.123960407526445197e+05
1.121661092309760134e+05
1.119361907666275656e+05
1.117062916109059151e+05
1.114764179861383454e+05
1.112465760828596976e+05
1.110167720593455742e+05
1.107870120401042077e+05
1.105573021153908485e+05
1.103276483393011586e+05
1.100980567291047337e+05
1.098685332649806805e+05
1.096390838869378931e+05
1.094097144963812316e+05
1.091804309545925644e+05
1.089512390802425216e+05
1.087221446509671223e+05
1.084931534013461060e+05
1.082642710219574074e+05
1.080355031593479653e+05
1.078068554165512614e+05
1.075783333495026309e+05
1.073499424686204584e+05
1.071216882385264034e+05
1.068935760760618141e+05
1.066656113510775904e+05
1.064377993854250672e+05
1.062101454528774193e+05
1.059826547782346315e+05
1.057553325365254423e+05
1.055281838560433534e+05
1.053012138122455654e+05
1.050744274316732481e+05
1.048478296921042929e+05
1.046214255199596519e+05
1.043952197895150166e+05
1.041692173262432625e+05
1.039434229041836516e+05
1.037178412458754756e+05
1.034924770220689970e+05
1.032673348528248607e+05
1.030424193071311893e+05
1.028177349013698549e+05
1.025932861005074083e+05
1.023690773185014841e+05
1.021451129172846704e+05
1.019213972069319716e+05
1.016979344446300238e+05
1.014747288386027503e+05
1.012517845439310186e+05
1.010291056625928177e+05
1.008066962470221479e+05
1.005845602978617680e+05
1.003627017639832920e+05
1.001411245424975350e+05
9.991983247981050226e+04
9.969882937124348246e+04
9.947811896226978570e+04
9.925770494466899254e+04
9.903759096118166053e+04
9.881778060521747102e+04
9.859827741851950123e+04
9.837908489187537634e+04
9.816020646750503511e+04
9.794164553671830799e+04
9.772340544305063668e+04
9.750548947832333215e+04
9.728790088598272996e+04
9.707064286072902905e+04
9.685371854955849994e+04
9.663713104934636794e+04
9.642088340831533424e+04
9.620497862805458135e+04
9.598941966229150421e+04
9.577420941711150226e+04
9.555935075089440215e+04
9.534484647470526397e+04
9.513069935301947407e+04
9.491691210631064314e+04
9.470348740550556977e+04
9.449042787723169022e+04
9.427773610160651151e+04
9.406541461540655291e+04
9.385346590945361822e+04
9.364189242948278843e+04
9.343069657672347967e+04
9.321988070829185017e+04
9.300944713887530088e+04
9.279939813971950207e+04
9.258973593739295029e+04
9.238046271565668576e+04
9.217158061716689554e+04
9.196309174207765318e+04
9.175499814943088859e+04
9.154730185467617412e+04
9.134000483338198683e+04
9.113310902037788765e+04
9.092661630990421691e+04
9.072052855659795750e+04
9.051484757451365294e+04
9.030957513800899324e+04
9.010471298217444564e+04
8.990026280425573350e+04
8.969622626376750122e+04
8.949260498049741727e+04
8.928940053623029962e+04
8.908661447548891010e+04
8.888424830700644816e+04
8.868230350211399491e+04
8.848078149645874510e+04
8.827968368723710591e+04
8.807901143781529390e+04
8.787876607549206528e+04
8.767894889240218617e+04
8.747956114795198664e+04
8.728060406517273805e+04
8.708207883332530037e+04
8.688398660653774277e+04
8.668632850840280298e+04
8.648910562873796152e+04
8.629231902381987311e+04
8.609596971894471790e+04
8.590005870535806753e+04
8.570458694315548928e+04
8.550955536250128353e+04
8.531496486182748049e+04
8.512081630932651751e+04
8.492711054231903108e+04
8.473384836812934373e+04
8.454103056346051744e+04
8.434865787676065520e+04
8.415673102809545526e+04
8.396525070913444506e+04
8.377421758111304371e+04
8.358363227941443620e+04
8.339349540834872460e+04
8.320380754767703183e+04
8.301456925047197728e+04
8.282578104192175670e+04
8.263744342178583611e+04
8.244955686127420631e+04
8.226212180753493158e+04
8.207513868125661975e+04
8.188860787891308428e+04
8.170252977210891549e+04
8.151690470852874569e+04
8.133173300994919555e+04
8.114701497409353033e+04
8.096275087501406961e+04
8.077894096447607444e+04
8.059558546991628828e+04
8.041268459832320514e+04
8.023023853263301135e+04
8.004824743231653702e+04
7.986671143631883024e+04
7.968563065996741352e+04
7.950500520016869996e+04
7.932483513176381530e+04
7.914512050761964929e+04
7.896586136235452432e+04
7.878705770748812938e+04
7.860870953648976865e+04
7.843081682199484203e+04
7.825337951636096113e+04
7.807639755591690482e+04
7.789987085517522064e+04
7.772379931290059176e+04
7.754818280735949520e+04
7.737302119728850084e+04
7.719831432592748024e+04
7.702406201673955366e+04
7.685026407870961702e+04
7.667692030199232977e+04
7.650403046112562879e+04
7.633159431190375471e+04
7.615961159586488793e+04
7.598808203598545515e+04
7.581700534029719711e+04
7.564638120182779676e+04
7.547620929793365940e+04
7.530648929207361653e+04
7.513722083088797808e+04
7.496840354684875638e+04
7.480003705757982971e+04
7.463212096608521824e+04
7.446465486161330773e+04
7.429763832061291032e+04
7.413107090479487670e+04
7.396495216322471970e+04
7.379928163168532774e+04
7.363405883268639445e+04
7.346928327546581568e+04
7.330495445746077166e+04
7.314107186240673764e+04
7.297763496288303577e+04
7.281464321991500037e+04
7.265209608278539963e+04
7.248999298897803237e+04
7.232833336545931525e+04
7.216711662545820582e+04
7.200634217362734489e+04
7.184600940186988737e+04
7.168611769258054846e+04
7.152666641868306033e+04
7.136765494082288933e+04
7.120908261258921993e+04
7.105094877541171445e+04
7.089325276070863765e+04
7.073599389216069540e+04
7.057917148286542215e+04
7.042278483499697177e+04
7.026683324463012104e+04
7.011131599889662175e+04
6.995623237528820755e+04
6.980158164300776843e+04
6.964736306325245823e+04
6.949357588876418595e+04
6.934021936385487788e+04
6.918729272552895418e+04
6.903479520113674516e+04
6.888272601377574028e+04
6.873108437703353411e+04
6.857986949809656653e+04
6.842908057712743175e+04
6.827871680731701781e+04
6.812877737556086504e+04
6.797926145938536501e+04
6.783016823295417998e+04
6.768149686173694499e+04
6.753324650569658843e+04
6.738541631948284339e+04
6.723800545123830670e+04
6.709101304386535776e+04
6.694443823515698023e+04
6.679828015460231109e+04
6.665253792962600710e+04
6.650721067957884225e+04
6.636229751919582486e+04
6.621779755828696943e+04
6.607370990202929534e+04
6.593003365093791217e+04
6.578676790091232397e+04
6.564391174411469547e+04
6.550146426663426246e+04
6.535942455010888079e+04
6.521779167419489386e+04
6.507656471161801164e+04
6.493574273184356571e+04
6.479532480168437178e+04
6.465530998126530176e+04
6.451569733029185591e+04
6.437648590451836935e+04
6.423767475496776751e+04
6.409926292881814879e+04
6.396124947304930538e+04
6.382363342813163035e+04
6.368641383338482410e+04
6.354958972237459966e+04
6.341316012822441553e+04
6.327712408135379519e+04
6.314148060720370995e+04
6.300622873219301982e+04
6.287136747766436019e+04
6.273689586253940797e+04
6.260281290601422370e+04
6.246911762319852278e+04
6.233580902511229215e+04
6.220288612319681852e+04
6.207034792596978514e+04
6.193819344078219001e+04
6.180642167051185243e+04
6.167503162017218710e+04
6.154402229074363277e+04
6.141339268195460318e+04
6.128314179275553761e+04
6.115326861999893299e+04
6.102377215964951756e+04
6.089465140664108912e+04
6.076590535245116189e+04
6.063753298921011447e+04
6.050953330847789766e+04
6.038190529902062553e+04
6.025464794839821843e+04
6.012776024648032035e+04
6.000124117963202298e+04
5.987508973438998510e+04
5.974930489752961148e+04
5.962388565233576810e+04
5.949883098430070095e+04
5.937413987833935244e+04
5.924981131594780891e+04
5.912584428189784376e+04
5.900223775677381491e+04
5.887899072483912460e+04
5.875610216736007715e+04
5.863357106644877786e+04
5.851139640430681902e+04
5.838957716330320545e+04
5.826811232543755614e+04
5.814700087378349417e+04
5.802624178905967710e+04
5.790583405519743246e+04
5.778577665304325637e+04
5.766606856693120790e+04
5.754670877890514384e+04
5.742769627194506756e+04
5.730903002918576385e+04
5.719070903649719548e+04
5.707273227907573892e+04
5.695509874040384602e+04
5.683780740728766978e+04
5.672085726660188811e+04
5.660424730680761422e+04
5.648797651386346843e+04
5.637204387836541719e+04
5.625644838770442584e+04
5.614118903405094898e+04
5.602626480727157468e+04
5.591167469922194141e+04
5.579741770280182391e+04
5.568349281197685195e+04
5.556989902179398632e+04
5.545663532839321124e+04
5.534370072901446110e+04
5.523109422305159387e+04
5.511881480804133025e+04
5.500686148685195076e+04
5.489523325916521571e+04
5.478392912997477106e+04
5.467294810252050956e+04
5.456228918138497829e+04
5.445195137512339716e+04
5.434193369100863492e+04
5.423223513890641334e+04
5.412285472961725463e+04
5.401379147744674265e+04
5.390504439393177017e+04
5.379661249646389479e+04
5.368849480291303917e+04
5.358069033042677620e+04
5.347319810133056308e+04
5.336601713542565994e+04
5.325914645878774172e+04
5.315258509510172735e+04
5.304633207007540477e+04
5.294038641449558054e+04
5.283474715746808943e+04
5.272941333080980985e+04
5.262438396846601972e+04
5.251965810621150013e+04
5.241523478276427340e+04
5.231111303532277816e+04
5.220729190630015364e+04
5.210377043999145826e+04
5.200054767918786820e+04
5.189762267308485752e+04
5.179499446824318875e+04
5.169266211765525804e+04
5.159062467279745761e+04
5.148888118702773500e+04
5.138743071910132858e+04
5.128627232639582508e+04
5.118540506949139672e+04
5.108482801111030858e+04
5.098454021633430966e+04
5.088454075321453274e+04
5.078482868831174710e+04
5.068540309398197132e+04
5.058626304501727282e+04
5.048740761415562883e+04
5.038883588014078850e+04
5.029054692410382995e+04
5.019253982614370034e+04
5.009481366954457189e+04
4.999736754214386019e+04
4.990020053140741948e+04
4.980331172722487099e+04
4.970670022277321550e+04
4.961036511243483255e+04
4.951430549401161261e+04
4.941852046654475998e+04
4.932300913203481468e+04
4.922777059481896140e+04
4.913280396082723018e+04
4.903810834018588503e+04
4.894368284163789212e+04
4.884952657934540184e+04
4.875563867005702923e+04
4.866201822927762259e+04
4.856866437961838528e+04
4.847557624222499726e+04
4.838275294036167907e+04
4.829019360348767077e+04
4.819789735978004319e+04
4.810586334103687113e+04
4.801409068145217316e+04
4.792257851762017526e+04
4.783132598853751551e+04
4.774033223560304032e+04
4.764959640261629829e+04
4.755911763577429520e+04
4.746889508366635710e+04
4.737892789852822170e+04
4.728921523119010817e+04
4.719975623862687644e+04
4.711055008021678077e+04
4.702159591407998960e+04
4.693289290563789109e+04
4.684444021879461798e+04
4.675623701977726159e+04
4.666828248117656040e+04
4.658057577459883760e+04
4.649311607491684117e+04
4.640590255804044136e+04
4.631893440682793880e+04
4.623221080243037432e+04
4.614573092927307880e+04
4.605949397516823956e+04
4.597349913093289069e+04
4.588774558598367003e+04
4.580223253670049598e+04
4.571695917953705793e+04
4.563192471463669790e+04
4.554712834452525567e+04
4.546256927156598977e+04
4.537824670442448405e+04
4.529415985020683001e+04
4.521030792254123662e+04
4.512669013303295651e+04
4.504330570090340188e+04
4.496015384332604299e+04
4.487723378088844038e+04
4.479454473983180651e+04
4.471208594504479697e+04
4.462985662565835082e+04
4.454785601283824508e+04
4.446608333997345471e+04
4.438453784339772392e+04
4.430321876181426342e+04
4.422212533615276334e+04
4.414125680959486635e+04
4.406061242804992798e+04
4.398019143980752415e+04
4.389999309689373331e+04
4.382001664960243215e+04
4.374026135469067231e+04
4.366072647124637297e+04
4.358141125671075133e+04
4.350231497650188976e+04
4.342343689296159573e+04
4.334477627638319973e+04
4.326633239534308086e+04
4.318810452083014388e+04
4.311009193041289836e+04
4.303229389990246273e+04
4.295470970749879780e+04
4.287733863798070524e+04
4.280017997435986035e+04
4.272323300348089833e+04
4.264649701450231078e+04
4.256997129893334932e+04
4.249365515062148916e+04
4.241754786573817546e+04
4.234164874276456248e+04
4.226595708277988160e+04
4.219047219057404436e+04
4.211519336874419969e+04
4.204011992642554833e+04
4.196525117537453480e+04
4.189058642571785458e+04
4.181612499362089875e+04
4.174186619762046757e+04
4.166780935509027040e+04
4.159395379072302603e+04
4.152029882567977620e+04
4.144684379019158951e+04
4.137358801137103001e+04
4.130053081916092924e+04
4.122767155044036917e+04
4.115500953908732481e+04
4.108254412261756079e+04
4.101027464369343943e+04
4.093820044436889293e+04
4.086632086899206479e+04
4.079463526554582495e+04
4.072314298288385908e+04
4.065184337352857983e+04
4.058073579073117435e+04
4.050981959150339389e+04
4.043909413368356763e+04
4.036855877844087809e+04
4.029821289034683286e+04
4.022805583127450518e+04
4.015808697085527820e+04
4.008830567838002025e+04
4.001871132735540596e+04
3.994930328945272049e+04
3.988008094367357990e+04
3.981104366562063660e+04
3.974219083794246399e+04
3.967352184520047740e+04
3.960503607069897407e+04
3.953673290049842035e+04
3.946861172733526473e+04
3.940067193996583956e+04
3.933291293497821607e+04
3.926533410689826269e+04
3.919793485395953030e+04
3.913071457496689254e+04
3.906367267538522719e+04
3.899680855818883720e+04
3.893012162985535542e+04
3.886361129912632896e+04
3.879727697690916830e+04
3.873111807622713968e+04
3.866513401221522508e+04
3.859932420211492717e+04
3.853368806526891422e+04
3.846822502311513381e+04
3.840293449918044644e+04
3.833781592062480922e+04
3.827286871203318151e+04
3.820809230470363400e+04
3.814348613044487138e+04
3.807904962467544829e+04
3.801478222017848748e+04
3.795068335644111357e+04
3.788675247498210229e+04
3.782298901463360380e+04
3.775939242249297968e+04
3.769596214145539125e+04
3.763269762277269911e+04
3.756959831326508720e+04
3.750666366800886317e+04
3.744389313929853233e+04
3.738128618136091973e+04
3.731884225521890767e+04
3.725656081946514314e+04
3.719444133430124202e+04
3.713248326657735015e+04
3.707068608029506140e+04
3.700904924351069349e+04
3.694757222604858543e+04
3.688625449927691079e+04
3.682509553654476622e+04
3.676409481391472218e+04
3.670325180862535490e+04
3.664256599958516745e+04
3.658203686858217407e+04
3.652166389869095292e+04
3.646144657441704476e+04
3.640138438336990657e+04
3.634147681402374292e+04
3.628172335672833287e+04
3.622212350634428731e+04
3.616267675319111731e+04
3.610338259578301222e+04
3.604424053180067131e+04
3.598525006272851169e+04
3.592641068735873705e+04
3.586772191025873326e+04
3.580918323912630876e+04
3.575079417704483785e+04
3.569255423711377080e+04
3.563446292601076857e+04
3.557651976044799085e+04
3.551872425079830282e+04
3.546107591718909680e+04
3.540357427555884351e+04
3.534621884413896623e+04
3.528900914809643291e+04
3.523194470846729382e+04
3.517502504950110597e+04
3.511824970054389269e+04
3.506161818897996272e+04
3.500513004529747559e+04
3.494878480092367681e+04
3.489258198863786674e+04
3.483652114702998369e+04
3.478060181133286824e+04
3.472482352101134893e+04
3.466918581650120177e+04
3.461368823973029066e+04
3.455833033510178211e+04
3.450311164845171152e+04
3.444803172654768423e+04
3.439309011857771111e+04
3.433828637545289530e+04
3.428362004948280810e+04
3.422909069588685816e+04
3.417469786705047591e+04
3.412044112209678860e+04
3.406632002006202674e+04
3.401233412298031908e+04
3.395848298949293530e+04
3.390476618521907949e+04
3.385118327737872460e+04
3.379773382966229838e+04
3.374441741246193851e+04
3.369123359763301414e+04
3.363818195349311281e+04
3.358526205694894452e+04
3.353247347961728519e+04
3.347981580154283438e+04
3.342728859745676891e+04
3.337489145052382810e+04
3.332262393857085408e+04
3.327048564786472707e+04
3.321847615930685424e+04
3.316659506224635697e+04
3.311484194237197516e+04
3.306321638862432155e+04
3.301171798972457327e+04
3.296034634111155174e+04
3.290910103452191106e+04
3.285798166492491146e+04
3.280698782703696634e+04
3.275611912228918300e+04
3.270537514836966511e+04
3.265475550619899150e+04
3.260425979818192718e+04
3.255388762819939438e+04
3.250363860160201148e+04
3.245351232520284611e+04
3.240350840726983006e+04
3.235362645751814853e+04
3.230386608710262590e+04
3.225422690860923467e+04
3.220470853609111509e+04
3.215531058522117746e+04
3.210603267292157398e+04
3.205687441748659330e+04
3.200783543860336795e+04
3.195891535911817846e+04
3.191011379794346794e+04
3.186143038107963002e+04
3.181286473395337453e+04
3.176441648495101254e+04
3.171608525845744589e+04
3.166787068558246392e+04
3.161977239938909042e+04
3.157179002850388861e+04
3.152392320802986069e+04
3.147617157440458686e+04
3.142853476077103915e+04
3.138101240834787677e+04
3.133360415210713109e+04
3.128630963570807580e+04
3.123912849777998053e+04
3.119206038447867468e+04
3.114510493594651780e+04
3.109826180197321082e+04
3.105153062567287634e+04
3.100491105820090161e+04
3.095840274787462477e+04
3.091200534351922033e+04
3.086571850015355085e+04
3.081954187015291973e+04
3.077347510586398130e+04
3.072751786645560787e+04
3.068166980810614041e+04
3.063593058829473375e+04
3.059029986554544303e+04
3.054477730425002301e+04
3.049936256431179572e+04
3.045405531001058625e+04
3.040885520495938181e+04
3.036376191610524620e+04
3.031877510962208180e+04
3.027389445459036142e+04
3.022911962005778696e+04
3.018445027521476368e+04
3.013988609566196828e+04
3.009542675261733530e+04
3.005107192252618188e+04
3.000682127700616911e+04
2.996267449489536375e+04
2.991863125396805845e+04
2.987469123334719916e+04
2.983085411351828589e+04
2.978711957548997452e+04
2.974348730256292401e+04
2.969995697759528412e+04
2.965652828842338204e+04
2.961320091631118703e+04
2.956997455132214236e+04
2.952684888117637820e+04
2.948382359741567416e+04
2.944089838748339389e+04
2.939807294411473049e+04
2.935534696308540151e+04
2.931272013405416510e+04
2.927019215411636469e+04
2.922776272211225296e+04
2.918543153075069131e+04
2.914319828095199773e+04
2.910106267453112741e+04
2.905902440759806996e+04
2.901708318631801740e+04
2.897523871006696572e+04
2.893349068578594961e+04
2.889183881528297570e+04
2.885028280882025865e+04
2.880882236906176695e+04
2.876745720831708604e+04
2.872618703260883558e+04
2.868501155574203221e+04
2.864393048697905760e+04
2.860294353730791045e+04
2.856205042433822018e+04
2.852125086020156232e+04
2.848054455859680456e+04
2.843993124023811470e+04
2.839941062113341832e+04
2.835898241960374071e+04
2.831864635327928772e+04
2.827840214688644119e+04
2.823824952042568475e+04
2.819818819672520840e+04
2.815821789911227461e+04
2.811833835040899794e+04
2.807854928029548682e+04
2.803885041370361796e+04
2.799924147844267645e+04
2.795972220316910170e+04
2.792029231730679749e+04
2.788095155159571732e+04
2.784169963775762517e+04
2.780253630847134991e+04
2.776346129737020965e+04
2.772447433903959245e+04
2.768557516899940674e+04
2.764676352356082498e+04
2.760803914013147005e+04
2.756940175711539632e+04
2.753085111385280834e+04
2.749238695061712497e+04
2.745400900861224000e+04
2.741571702996938257e+04
2.737751075774418496e+04
2.733938993784816194e+04
2.730135431130903453e+04
2.726340362586893025e+04
2.722553762824892328e+04
2.718775606607821101e+04
2.715005868983195978e+04
2.711244524506430753e+04
2.707491548404251807e+04
2.703746915799819544e+04
2.700010602099977405e+04
2.696282582216283117e+04
2.692562831731824190e+04
2.688851326318053179e+04
2.685148041148941411e+04
2.681452952070343963e+04
2.677766035016324895e+04
2.674087265420774565e+04
2.670416619584872024e+04
2.666754073113880440e+04
2.663099602480699832e+04
2.659453183461523440e+04
2.655814792504248544e+04
2.652184406142467560e+04
2.648562000405266735e+04
2.644947552190639544e+04
2.641341037890991356e+04
2.637742433981806607e+04
2.634151717610306150e+04
2.630568865219842701e+04
2.626993854127910527e+04
2.623426660960879963e+04
2.619867263198699220e+04
2.616315637809224427e+04
2.612771761840238469e+04
2.609235613011120950e+04
2.605707168528340844e+04
2.602186405676791765e+04
2.598673302436896847e+04
2.595167836279809126e+04
2.591669984927061523e+04
2.588179725979090654e+04
2.584697037707022537e+04
2.581221897863760023e+04
2.577754284513200037e+04
2.574294175600651215e+04
2.570841549706110891e+04
2.567396384888041575e+04
2.563958659477175024e+04
2.560528351919158013e+04
2.557105440752462164e+04
2.553689904334645325e+04
2.550281721692531937e+04
2.546880871337004646e+04
2.543487332131814401e+04
2.540101082946452516e+04
2.536722102699930474e+04
2.533350370388337251e+04
2.529985865176216976e+04
2.526628566230682918e+04
2.523278452754387035e+04
2.519935504042942193e+04
2.516599699564528419e+04
2.513271018750118310e+04
2.509949441080278484e+04
2.506634946202900028e+04
2.503327513830905082e+04
2.500027123651726652e+04
2.496733755670787650e+04
2.493447389462532738e+04
2.490168005128357981e+04
2.486895582656533952e+04
2.483630102247879768e+04
2.480371544017200722e+04
2.477119888152136991e+04
2.473875115269272646e+04
2.470637205278746478e+04
2.467406138785943040e+04
2.464181896410881382e+04
2.460964458849270886e+04
2.457753806348204307e+04
2.454549919901335670e+04
2.451352780179320325e+04
2.448162368324665294e+04
2.444978664828880210e+04
2.441801650803283701e+04
2.438631307621632368e+04
2.435467615876458876e+04
2.432310557016519306e+04
2.429160112490553001e+04
2.426016263122116288e+04
2.422878990611837798e+04
2.419748276467117830e+04
2.416624101899071320e+04
2.413506448805088075e+04
2.410395298420716426e+04
2.407290632886194726e+04
2.404192433459575113e+04
2.401100682283048809e+04
2.398015361302488236e+04
2.394936452195829770e+04
2.391863937233351680e+04
2.388797798409809911e+04
2.385738017525894975e+04
2.382684577286369313e+04
2.379637459436281279e+04
2.376596646776904163e+04
2.373562121195583677e+04
2.370533865598955890e+04
2.367511862003686838e+04
2.364496093436092633e+04
2.361486542231148269e+04
2.358483190933327205e+04
2.355486022592070003e+04
2.352495019895070800e+04
2.349510165366763977e+04
2.346531442455659999e+04
2.343558833779313863e+04
2.340592322302797766e+04
2.337631891371779056e+04
2.334677524054752212e+04
2.331729203435151067e+04
2.328786912633313113e+04
2.325850635355632767e+04
2.322920354721777039e+04
2.319996054252365138e+04
2.317077717088851205e+04
2.314165327321193399e+04
2.311258868212195739e+04
2.308358323478545935e+04
2.305463676838902029e+04
2.302574911966219588e+04
2.299692012595343476e+04
2.296814962877716607e+04
2.293943746605069464e+04
2.291078347775687507e+04
2.288218750324016219e+04
2.285364938459995756e+04
2.282516896226516474e+04
2.279674607830749665e+04
2.276838057604261485e+04
2.274007229719060342e+04
2.271182108599683488e+04
2.268362678689424138e+04
2.265548924332313982e+04
2.262740830128032030e+04
2.259938380646074802e+04
2.257141560405578275e+04
2.254350354160557254e+04
2.251564746629384535e+04
2.248784722489673732e+04
2.246010266640330519e+04
2.243241363969491431e+04
2.240477999296905182e+04
2.237720157658334574e+04
2.234967824120796286e+04
2.232220983649924892e+04
2.229479621401748955e+04
2.226743722609822362e+04
2.224013272638841954e+04
2.221288256313206875e+04
2.218568659218138782e+04
2.215854466744910314e+04
2.213145664217059311e+04
2.210442237132640366e+04
2.207744171263100725e+04
2.205051451735692171e+04
2.202364064302538100e+04
2.199681994663022124e+04
2.197005228563212222e+04
2.194333751940655202e+04
2.191667550121488239e+04
2.189006609198946535e+04
2.186350915311338395e+04
2.183700453977481811e+04
2.181055211328345831e+04
2.178415173423165834e+04
2.175780326581192276e+04
2.173150656532126959e+04
2.170526149604213424e+04
2.167906792213517110e+04
2.165292570226977841e+04
2.162683470185469923e+04
2.160079478668554657e+04
2.157480581601208178e+04
2.154886765844674665e+04
2.152298017484862794e+04
2.149714323281719408e+04
2.147135670038373792e+04
2.144562043932832239e+04
2.141993432020376713e+04
2.139429820602329346e+04
2.136871196866038736e+04
2.134317547196920714e+04
2.131768858866235314e+04
2.129225118319752801e+04
2.126686312664505385e+04
2.124152429089778161e+04
2.121623454191915516e+04
2.119099375454979963e+04
2.116580179769136521e+04
2.114065854066051543e+04
2.111556385939024040e+04
2.109051762162103842e+04
2.106551970426592379e+04
2.104056997618402238e+04
2.101566831511312193e+04
2.099081459071590871e+04
2.096600868154094860e+04
2.094125046017255954e+04
2.091653979959724529e+04
2.089187657944208331e+04
2.086726067337235509e+04
2.084269195559400760e+04
2.081817030707769663e+04
2.079369560282073508e+04
2.076926771821588045e+04
2.074488653542208340e+04
2.072055193061683167e+04
2.069626378036888491e+04
2.067202196801558603e+04
2.064782637090348362e+04
2.062367686676610174e+04
2.059957334010985142e+04
2.057551566941499550e+04
2.055150373565667542e+04
2.052753741811785585e+04
2.050361660285585094e+04
2.047974116991461779e+04
2.045591100184800598e+04
2.043212597945383095e+04
2.040838599030617479e+04
2.038469091595215650e+04
2.036104064044634652e+04
2.033743504821522583e+04
2.031387402405586909e+04
2.029035745099889391e+04
2.026688521885054433e+04
2.024345721137526198e+04
2.022007331483898088e+04
2.019673341587170216e+04
2.017343740146576602e+04
2.015018515897446923e+04
2.012697657611075920e+04
2.010381153880603597e+04
2.008068993976819547e+04
2.005761166564059749e+04
2.003457660556073461e+04
2.001158464901856132e+04
1.998863568585522080e+04
1.996572960626142230e+04
1.994286630077609880e+04
1.992004566028487898e+04
1.989726757601865393e+04
1.987453193955201277e+04
1.985183864280184935e+04
1.982918757802580512e+04
1.980657863784209621e+04
1.978401171525063182e+04
1.976148670354052229e+04
1.973900349633336009e+04
1.971656198758469327e+04
1.969416207158250472e+04
1.967180364294564424e+04
1.964948659662249338e+04
1.962721082788905551e+04
1.960497623234740968e+04
1.958278270592430999e+04
1.956063014702158762e+04
1.953851844790752511e+04
1.951644750762422336e+04
1.949441722352329452e+04
1.947242749327381898e+04
1.945047821474407465e+04
1.942856928611818148e+04
1.940670060589462082e+04
1.938487207504042817e+04
1.936308358836814296e+04
1.934133504746382096e+04
1.931962635206736013e+04
1.929795740234182813e+04
1.927632810112315201e+04
1.925473834480307050e+04
1.923318803652617135e+04
1.921167707758249526e+04
1.919020536956094656e+04
1.916877281650753866e+04
1.914737931629388549e+04
1.912602477395023743e+04
1.910470909250047771e+04
1.908343217720385655e+04
1.906219392712762055e+04
1.904099424810615528e+04
1.901983304410125857e+04
1.899871022166145849e+04
1.897762568160418596e+04
1.895657933101151139e+04
1.893557107718202678e+04
1.891460082120327934e+04
1.889366847092646640e+04
1.887277393472309996e+04
1.885191711522293190e+04
1.883109792118874975e+04
1.881031626161568056e+04
1.878957203927169030e+04
1.876886516374160783e+04
1.874819554566233637e+04
1.872756308891297158e+04
1.870696770386672870e+04
1.868640930116382515e+04
1.866588778525865564e+04
1.864540307043805660e+04
1.862495506197301438e+04
1.860454367375060610e+04
1.858416881123977510e+04
1.856383038694906645e+04
1.854352831449239602e+04
1.852326250024696492e+04
1.850303285941185823e+04
1.848283929877400806e+04
1.846268173511854911e+04
1.844256007630766908e+04
1.842247423857039394e+04
1.840242412968947610e+04
1.838240966722537269e+04
1.836243076048104922e+04
1.834248732669569654e+04
1.832257927464966997e+04
1.830270652291040096e+04
1.828286898192398803e+04
1.826306656992108765e+04
1.824329919665683337e+04
1.822356678201536488e+04
1.820386923724780354e+04
1.818420648154365699e+04
1.816457842789697679e+04
1.814498499112643913e+04
1.812542609169303978e+04
1.810590164101551636e+04
1.808641156007657628e+04
1.806695576473549590e+04
1.804753416940214447e+04
1.802814669518196388e+04
1.800879325645505014e+04
1.798947377557847722e+04
1.797018816774927109e+04
1.795093634936993840e+04
1.793171824448878033e+04
1.791253376902278251e+04
1.789338283948623575e+04
1.787426538102075938e+04
1.785518131049687872e+04
1.783613054482091320e+04
1.781711300981483873e+04
1.779812862340267384e+04
1.777917730303039934e+04
1.776025897506980618e+04
1.774137355844844933e+04
1.772252097339723332e+04
1.770370114034561993e+04
1.768491398562131144e+04
1.766615942790124973e+04
1.764743738836305056e+04
1.762874779398609826e+04
1.761009056410826815e+04
1.759146562298732533e+04
1.757287289366632831e+04
1.755431229623958279e+04
1.753578376027880222e+04
1.751728720690120826e+04
1.749882255933251145e+04
1.748038974139512356e+04
1.746198868093652345e+04
1.744361930028598363e+04
1.742528152583238625e+04
1.740697528127825353e+04
1.738870049294348064e+04
1.737045708463795017e+04
1.735224498523647344e+04
1.733406412039654242e+04
1.731591441551368553e+04
1.729779579672244290e+04
1.727970819225045489e+04
1.726165152736552045e+04
1.724362572842362351e+04
1.722563072691519483e+04
1.720766644730222106e+04
1.718973281920046793e+04
1.717182976892894658e+04
1.715395722593086612e+04
1.713611511853780758e+04
1.711830337440579751e+04
1.710052192421940345e+04
1.708277069522191596e+04
1.706504961824392376e+04
1.704735861996423409e+04
1.702969763400765078e+04
1.701206658950130077e+04
1.699446541473126126e+04
1.697689404202704100e+04
1.695935240029786655e+04
1.694184042129261434e+04
1.692435803583685629e+04
1.690690517425405415e+04
1.688948176944901570e+04
1.687208775105527820e+04
1.685472305289404903e+04
1.683738760501032448e+04
1.682008134111691470e+04
1.680280419258425536e+04
1.678555609220217229e+04
1.676833697318537816e+04
1.675114676735579269e+04
1.673398540945085915e+04
1.671685283088834694e+04
1.669974896727862142e+04
1.668267375240008187e+04
1.666562711784721614e+04
1.664860899798560058e+04
1.663161932881458779e+04
1.661465804338502130e+04
1.659772507747322743e+04
1.658082036518694440e+04
1.656394384195032399e+04
1.654709544298675974e+04
1.653027510338380671e+04
1.651348275937987637e+04
1.649671834810106520e+04
1.647998180219628193e+04
1.646327305881093343e+04
1.644659205563236901e+04
1.642993872776405624e+04
1.641331301341609651e+04
1.639671484794842763e+04
1.638014417219703319e+04
1.636360091746592298e+04
1.634708502493134438e+04
1.633059643071398750e+04
1.631413507404520351e+04
1.629770089155829373e+04
1.628129382482892652e+04
1.626491380672259402e+04
1.624856077881547571e+04
1.623223467916105437e+04
1.621593544695188939e+04
1.619966302343988718e+04
1.618341734304720194e+04
1.616719834811941109e+04
1.615100597708419264e+04
1.613484017332656367e+04
1.611870087059720936e+04
1.610258801314303673e+04
1.608650153905932348e+04
1.607044139317414556e+04
1.605440750946959270e+04
1.603839983293708065e+04
1.602241830272194602e+04
1.600646286343213615e+04
1.599053345119642654e+04
1.597463000963462946e+04
1.595875248332245064e+04
1.594290080816487534e+04
1.592707493017109846e+04
1.591127478925661308e+04
1.589550033202557825e+04
1.587975149454893653e+04
1.586402822295774422e+04
1.584833046165469932e+04
1.583265814873497220e+04
1.581701123075227224e+04
1.580138965119535533e+04
1.578579335116722359e+04
1.577022227438232039e+04
1.575467636813395984e+04
1.573915557145748062e+04
1.572365983212188439e+04
1.570818909145860198e+04
1.569274329389075683e+04
1.567732238809325645e+04
1.566192631285097013e+04
1.564655501554625334e+04
1.563120844423994822e+04
1.561588653779667220e+04
1.560058924790994206e+04
1.558531651386252270e+04
1.557006828409552691e+04
1.555484450725647548e+04
1.553964512304129858e+04
1.552447008384879882e+04
1.550931932985627463e+04
1.549419281220795347e+04
1.547909047399742667e+04
1.546401226429129019e+04
1.544895812722494338e+04
1.543392801101982150e+04
1.541892186450824374e+04
1.540393963207536763e+04
1.538898126349872291e+04
1.537404670294500465e+04
1.535913590295387621e+04
1.534424880522385138e+04
1.532938536385216867e+04
1.531454552156821956e+04
1.529972923055696447e+04
1.528493643636514753e+04
1.527016709012254978e+04
1.525542113668809179e+04
1.524069853030771264e+04
1.522599921357225867e+04
1.521132314117838723e+04
1.519667025834149717e+04
1.518204051716694630e+04
1.516743386641690449e+04
1.515285025334569036e+04
1.513828963090440629e+04
1.512375194614076099e+04
1.510923715286689549e+04
1.509474519604994384e+04
1.508027603193016694e+04
1.506582960563823508e+04
1.505140587163977943e+04
1.503700477989386127e+04
1.502262627808728575e+04
1.500827032114456233e+04
1.499393685716933032e+04
1.497962584099068954e+04
1.496533722118425067e+04
1.495107094840337595e+04
1.493682697819357963e+04
1.492260525700735161e+04
1.490840574244847630e+04
1.489422838429296098e+04
1.488007313120426988e+04
1.486593994105999991e+04
1.485182876452593337e+04
1.483773955035859217e+04
1.482367225657571544e+04
1.480962683465806731e+04
1.479560323376143242e+04
1.478160141180589198e+04
1.476762132087124519e+04
1.475366291109172562e+04
1.473972613992002152e+04
1.472581095978158010e+04
1.471191732230239904e+04
1.469804518433263183e+04
1.468419449849644661e+04
1.467036521750572865e+04
1.465655729858815903e+04
1.464277069399944230e+04
1.462900535692354970e+04
1.461526124624515796e+04
1.460153831324470411e+04
1.458783651357287272e+04
1.457415580075974503e+04
1.456049613305365710e+04
1.454685746336602460e+04
1.453323974562954572e+04
1.451964293999736219e+04
1.450606699840723923e+04
1.449251187706030942e+04
1.447897753030939566e+04
1.446546391819551536e+04
1.445197099350517965e+04
1.443849871308781621e+04
1.442504703391824478e+04
1.441161590940880524e+04
1.439820529990465002e+04
1.438481516049461788e+04
1.437144544854781998e+04
1.435809611775277517e+04
1.434476712914985728e+04
1.433145843823939140e+04
1.431817000280516913e+04
1.430490177923522606e+04
1.429165372239453063e+04
1.427842579481580105e+04
1.426521795250355171e+04
1.425203015254859929e+04
1.423886235223191579e+04
1.422571451007917312e+04
1.421258658250420194e+04
1.419947853192797447e+04
1.418639031347766831e+04
1.417332188603513896e+04
1.416027320862355919e+04
1.414724424014553006e+04
1.413423493823158242e+04
1.412124525968311173e+04
1.410827516833622576e+04
1.409532462150184074e+04
1.408239357784480853e+04
1.406948199602966997e+04
1.405658983587970943e+04
1.404371705731128714e+04
1.403086362021622517e+04
1.401802948112178092e+04
1.400521460426063459e+04
1.399241894773873901e+04
1.397964247196005999e+04
1.396688513712788517e+04
1.395414690252156834e+04
1.394142772868530301e+04
1.392872757641560565e+04
1.391604640659982942e+04
1.390338417989296613e+04
1.389074085616106277e+04
1.387811639647320226e+04
1.386551075990024583e+04
1.385292391221973048e+04
1.384035581250075847e+04
1.382780642114598049e+04
1.381527569961245899e+04
1.380276360965167441e+04
1.379027011310438320e+04
1.377779517188784484e+04
1.376533874714991725e+04
1.375290080048600066e+04
1.374048129411831906e+04
1.372808019035761208e+04
1.371569745160302227e+04
1.370333304014964051e+04
1.369098691760708425e+04
1.367865904652669087e+04
1.366634938968457391e+04
1.365405790994446033e+04
1.364178457025758507e+04
1.362952933338599723e+04
1.361729216161601653e+04
1.360507301812421247e+04
1.359287186623419620e+04
1.358068866935625556e+04
1.356852339098726952e+04
1.355637599456991302e+04
1.354424644297810846e+04
1.353213469986185555e+04
1.352004072908568924e+04
1.350796449459990981e+04
1.349590596044043195e+04
1.348386509072865010e+04
1.347184185141682246e+04
1.345983620190821966e+04
1.344784810880512305e+04
1.343587753659115151e+04
1.342392444983462156e+04
1.341198881318826534e+04
1.340007059138895602e+04
1.338816974882024260e+04
1.337628625000079592e+04
1.336442005994061219e+04
1.335257114373335935e+04
1.334073946655622240e+04
1.332892499587278326e+04
1.331712769262182337e+04
1.330534752432298592e+04
1.329358445594987279e+04
1.328183845303956696e+04
1.327010948128663767e+04
1.325839750646801804e+04
1.324670249444289948e+04
1.323502441115251531e+04
1.322336322482294236e+04
1.321171889709728202e+04
1.320009139591205349e+04
1.318848068745341516e+04
1.317688673808860585e+04
1.316530951426595311e+04
1.315374898251463856e+04
1.314220511164713935e+04
1.313067786395054100e+04
1.311916720839681147e+04
1.310767311177738702e+04
1.309619554065467310e+04
1.308473446199041791e+04
1.307328984509408656e+04
1.306186165275032181e+04
1.305044985442573125e+04
1.303905441746587348e+04
1.302767530929535314e+04
1.301631249961861977e+04
1.300496595161808546e+04
1.299363563511948087e+04
1.298232151757897191e+04
1.297102356676261479e+04
1.295974175278109215e+04
1.294847603922317285e+04
1.293722639635294945e+04
1.292599279231340370e+04
1.291477519532488623e+04
1.290357357588596460e+04
1.289238789797130812e+04
1.288121813223109348e+04
1.287006424719339520e+04
1.285892621359830991e+04
1.284780399553998541e+04
1.283669756397249330e+04
1.282560688774206574e+04
1.281453193797033236e+04
1.280347267925926099e+04
1.279242908287940008e+04
1.278140111798002545e+04
1.277038875598507184e+04
1.275939196179845749e+04
1.274841070699161173e+04
1.273744496101423647e+04
1.272649469559052704e+04
1.271555987592262863e+04
1.270464047387979736e+04
1.269373646131129499e+04
1.268284780358928765e+04
1.267197447281339737e+04
1.266111643896184978e+04
1.265027367428556863e+04
1.263944614451370762e+04
1.262863382204027948e+04
1.261783667933403558e+04
1.260705468234521322e+04
1.259628780368452317e+04
1.258553601603730385e+04
1.257479928557272251e+04
1.256407758511696920e+04
1.255337088757069796e+04
1.254267915931991047e+04
1.253200237340496824e+04
1.252134050294064218e+04
1.251069351452756200e+04
1.250006138141903466e+04
1.248944407694264919e+04
1.247884156791149690e+04
1.246825382778257699e+04
1.245768083005853623e+04
1.244712254176285751e+04
1.243657893657591922e+04
1.242604998825183793e+04
1.241553566402704200e+04
1.240503593779033145e+04
1.239455078350409713e+04
1.238408016861025681e+04
1.237362406939951870e+04
1.236318245345679497e+04
1.235275529501170604e+04
1.234234256836717577e+04
1.233194424130992047e+04
1.232156029046787080e+04
1.231119068376827818e+04
1.230083539577779811e+04
1.229049440113615856e+04
1.228016766796867705e+04
1.226985517323751810e+04
1.225955688520604781e+04
1.224927277877418055e+04
1.223900282891461757e+04
1.222874700408501121e+04
1.221850528157876215e+04
1.220827762998906292e+04
1.219806402454519412e+04
1.218786444054899766e+04
1.217767884678412884e+04
1.216750722087213762e+04
1.215734953172972018e+04
1.214720575710439334e+04
1.213707586604486278e+04
1.212695983642413375e+04
1.211685763742189374e+04
1.210676924484601659e+04
1.209669463457641359e+04
1.208663377597630824e+04
1.207658664724115806e+04
1.206655321786262175e+04
1.205653346615980627e+04
1.204652736175176869e+04
1.203653488308073975e+04
1.202655599989215807e+04
1.201659069075084153e+04
1.200663892552756442e+04
1.199670068290921154e+04
1.198677593289088145e+04
1.197686465428100928e+04
1.196696681719797562e+04
1.195708240057106559e+04
1.194721137464098501e+04
1.193735371845734880e+04
1.192750940238214935e+04
1.191767840558477110e+04
1.190786069854748712e+04
1.189805626055886569e+04
1.188826506222039461e+04
1.187848708294481548e+04
1.186872229349309055e+04
1.185897067340361536e+04
1.184923219351873558e+04
1.183950683348718849e+04
1.182979456426770594e+04
1.182009536562639732e+04
1.181040920863728752e+04
1.180073607318328141e+04
1.179107593263856506e+04
1.178142876044457807e+04
1.177179453664714492e+04
1.176217323261515594e+04
1.175256482850978682e+04
1.174296929581153199e+04
1.173338661479637813e+04
1.172381675705534144e+04
1.171425970297862659e+04
1.170471542645147201e+04
1.169518390142349381e+04
1.168566510844389268e+04
1.167615901938663046e+04
1.166666561491368157e+04
1.165718486707187913e+04
1.164771675673661230e+04
1.163826125818883156e+04
1.162881834577113659e+04
1.161938800042365983e+04
1.160997019441112388e+04
1.160056490878504155e+04
1.159117211809714536e+04
1.158179179695992207e+04
1.157242392657963319e+04
1.156306847948957329e+04
1.155372543700590722e+04
1.154439477394599635e+04
1.153507646518637011e+04
1.152577049219572291e+04
1.151647682778348826e+04
1.150719545372314496e+04
1.149792634516360886e+04
1.148866947725144382e+04
1.147942483172584616e+04
1.147019238383132142e+04
1.146097210886926041e+04
1.145176398872803838e+04
1.144256799880583640e+04
1.143338411455669302e+04
1.142421231801686918e+04
1.141505258255704757e+04
1.140590489031887591e+04
1.139676921701413266e+04
1.138764553862736648e+04
1.137853383749025124e+04
1.136943408941015332e+04
1.136034627024792644e+04
1.135127036244905867e+04
1.134220634196716128e+04
1.133315418480833796e+04
1.132411387356140040e+04
1.131508538432406567e+04
1.130606869324555555e+04
1.129706378312272136e+04
1.128807063056236620e+04
1.127908921410094445e+04
1.127011951009421136e+04
1.126116150146784275e+04
1.125221516466674620e+04
1.124328047618521305e+04
1.123435741908808450e+04
1.122544596995762549e+04
1.121654610542457340e+04
1.120765780879057456e+04
1.119878105721743123e+04
1.118991582971322532e+04
1.118106210310756251e+04
1.117221986079367707e+04
1.116338907968663625e+04
