1.195101125641522044e+00
2.614756210320750185e+01
4.225853012113361018e+01
5.589921738883628421e+01
6.879033522363711484e+01
8.124025553534056598e+01
9.308893461658516344e+01
1.047786423745421018e+02
1.163898575908227713e+02
1.279251988525517163e+02
1.393523385508309502e+02
1.506196101457046836e+02
1.616655607536783066e+02
1.724249780948856028e+02
1.828327902131426868e+02
1.928266492984377294e+02
2.023486696483755054e+02
2.113465956280709008e+02
2.197745660009588278e+02
2.275935781469878521e+02
2.347717187228921887e+02
2.412842013920361524e+02
2.471132428890110759e+02
2.522478063375381510e+02
2.566832291389479224e+02
2.604207676799900923e+02
2.634670786628093992e+02
2.658336664861295731e+02
2.675363225819235709e+02
2.685945811239308796e+02
2.690312099783246822e+02
2.688717556902149113e+02
2.681441470348098619e+02
2.668783636471925433e+02
2.651061623982599826e+02
2.628608538860382851e+02
2.601771101740468453e+02
2.570907918961112273e+02
2.536387721098453483e+02
2.498587428986834595e+02
2.457889913027809428e+02
2.414681353493528491e+02
2.369348186042510065e+02
2.322273676890307570e+02
2.273834188082347509e+02
2.224395303579763095e+02
2.174307985761866462e+02
2.123904901364589364e+02
2.073497128944662791e+02
2.023371367908553111e+02
1.973787756813364354e+02
1.924978386167369422e+02
1.877146485160623683e+02
1.830466324240069866e+02
1.785083697097661855e+02
1.741116991175818498e+02
1.698658681448993093e+02
1.657777172930552183e+02
1.618518908910055245e+02
1.580910589558218362e+02
1.544961489465323154e+02
1.510665744013869585e+02
1.478004558317984731e+02
1.446948323323560430e+02
1.417458559077720679e+02
1.389489701943179512e+02
1.362990714960972980e+02
1.337906502136801237e+02
1.314179151098821308e+02
1.291749001678279001e+02
1.270555552915324142e+02
1.250538221861799428e+02
1.231636968375630516e+02
1.213792800484176979e+02
1.196948174674344187e+02
1.181047302932504266e+02
1.166036383509955812e+02
1.151863767670988636e+02
1.138480061067304803e+02
1.125838186550724913e+02
1.113893409219920443e+02
1.102603320276055996e+02
1.091927814403282611e+02
1.081829028049170347e+02
1.072271276292570263e+02
1.063220972259122021e+02
1.054646550883796721e+02
1.046518362437983285e+02
1.038808596559815811e+02
1.031491175141008796e+02
1.024541665581751175e+02
1.017937184678090716e+02
1.011656312650957830e+02
1.005679000440636628e+02
9.999864899814389219e+01
9.945612288925156008e+01
9.893868000078994385e+01
9.844478462179638711e+01
9.797299975669814387e+01
9.752198114937306173e+01
9.709047090501172761e+01
9.667729186033828626e+01
9.628134192695418392e+01
9.590158947126029432e+01
9.553706855424780997e+01
9.518687372689872461e+01
9.485015724130383319e+01
9.452612411498742517e+01
9.421402908145870470e+01
9.391317311382809407e+01
9.362290014636896274e+01
9.334259488609430377e+01
9.307167930195137728e+01
9.280961041018940705e+01
9.255587814405227221e+01
9.231000302357715270e+01
9.207153430145017126e+01
9.184004800549246283e+01
9.161514491076354716e+01
9.139644943719694936e+01
9.118360777535406214e+01
9.097628685994665432e+01
9.077417241882227472e+01
9.057696843214341698e+01
9.038439580066363987e+01
9.019619111597033623e+01
9.001210581800997090e+01
8.983190527569720985e+01
8.965536793481537359e+01
8.948228434600170544e+01
8.931245680997604097e+01
8.914569851689677193e+01
8.898183274822025624e+01
8.882069198808935084e+01
8.866211856248375511e+01
8.850596257899357511e+01
8.835208252229223547e+01
8.820034429836860568e+01
8.805062095891443619e+01
8.790279218533582650e+01
8.775674427277883183e+01
8.761236887995421796e+01
8.746956412312997031e+01
8.732823284157717580e+01
8.718828300855759039e+01
8.704962769497269903e+01
8.691218416559210880e+01
8.677587377894359122e+01
8.664062245737382284e+01
8.650635964515473120e+01
8.637301834358079589e+01
8.624053490302327418e+01
8.610884929366635276e+01
8.597790434636503676e+01
8.584764581630696512e+01
8.571802214782194085e+01
8.558898445719147219e+01
8.546048655318874410e+01
8.533248447661650005e+01
8.520493652558249664e+01
8.507780314246953424e+01
8.495104671123611695e+01
8.482463165974047570e+01
8.469852434854325907e+01
8.457269279779049498e+01
8.444710669884489107e+01
8.432173733221418388e+01
8.419655749431217373e+01
8.407154124617275670e+01
8.394666436962080525e+01
8.382190379331345298e+01
8.369723768830979793e+01
8.357264541543852943e+01
8.344810747100962089e+01
8.332360533704023453e+01
8.319912162119369725e+01
8.307464001984048707e+01
8.295014507175267227e+01
8.282562221393359891e+01
8.270105774100811402e+01
8.257643862342014529e+01
8.245175281699673064e+01
8.232698904257470929e+01
8.220213665675964876e+01
8.207718569802288755e+01
8.195212673209174170e+01
8.182695106632293403e+01
8.170165073431577696e+01
8.157621821396872974e+01
8.145064652696227370e+01
8.132492894691303320e+01
8.119905976168534778e+01
8.107303350089411254e+01
8.094684513470004106e+01
8.082048979215660722e+01
8.069396352726636223e+01
8.056726259580264582e+01
8.044038353202675751e+01
8.031332308636899597e+01
8.018607884114328499e+01
8.005864844124104707e+01
7.993102955200008353e+01
7.980322065852172386e+01
7.967522039000671441e+01
7.954702732072689741e+01
7.941864067503172464e+01
7.929005994098417887e+01
7.916128441295732898e+01
7.903231410486259279e+01
7.890314918383850795e+01
7.877378948944945591e+01
7.864423588809583521e+01
7.851448890255285562e+01
7.838454922143586145e+01
7.825441817042209891e+01
7.812409652941575189e+01
7.799358597200962606e+01
7.786288784737701008e+01
7.773200375158462805e+01
7.760093565814439387e+01
7.746968512933726458e+01
7.733825464345956391e+01
7.720664584060318703e+01
7.707486149219407423e+01
7.694290353721858366e+01
7.681077482996467154e+01
7.667847760215435926e+01
7.654601484033976533e+01
7.641338897859451151e+01
7.628060318651485261e+01
7.614766001245311600e+01
7.601456285958563797e+01
7.588131430519108278e+01
7.574791797084668588e+01
7.561437657871292117e+01
7.548069375360414313e+01
7.534687254945055201e+01
7.521291641169145237e+01
7.507882881175247292e+01
7.494461293722562800e+01
7.481027262892821739e+01
7.467581104166372086e+01
7.454123198774895798e+01
7.440653905738754759e+01
7.427173561408852720e+01
7.413682564657794671e+01
7.400181260790759552e+01
7.386670020444532270e+01
7.373149234934865603e+01
7.359619250923363154e+01
7.346080457073610148e+01
7.332533242319075839e+01
7.318977959571074621e+01
7.305414999935958065e+01
7.291844755139909751e+01
7.278267589196642007e+01
7.264683880771771385e+01
7.251094029377445338e+01
7.237498415209454095e+01
7.223897389956030679e+01
7.210291366081619913e+01
7.196680724587541533e+01
7.183065837003319132e+01
7.169447073138000803e+01
7.155824832836290739e+01
7.142199495035431767e+01
7.128571431264987268e+01
7.114941005783040850e+01
7.101308614768197458e+01
7.087674633194691864e+01
7.074039434817332506e+01
7.060403375223251032e+01
7.046766836268430723e+01
7.033130193953340381e+01
7.019493816110093576e+01
7.005858068950954021e+01
6.992223305386762888e+01
6.978589891485538033e+01
6.964958196621886088e+01
6.951328579559245213e+01
6.937701397013375981e+01
6.924077003612345038e+01
6.910455743432815723e+01
6.896837967499276090e+01
6.883224032081311350e+01
6.869614282928390026e+01
6.856009063356361821e+01
6.842408714340459142e+01
6.828813574394702357e+01
6.815223979515130281e+01
6.801640251967187112e+01
6.788062733274382765e+01
6.774491752897640140e+01
6.760927636500692017e+01
6.747370707119429767e+01
6.733821285043389082e+01
6.720279687861936679e+01
6.706746230403601317e+01
6.693221224730665142e+01
6.679704980085220711e+01
6.666197802841000453e+01
6.652699990973566457e+01
6.639211849728343395e+01
6.625733678442951202e+01
6.612265772111767603e+01
6.598808422762625980e+01
6.585361919409122322e+01
6.571926548248451638e+01
6.558502592504210327e+01
6.545090332421602852e+01
6.531690045249386856e+01
6.518302005304398961e+01
6.504926483947932070e+01
6.491563749493650448e+01
6.478214067277549759e+01
6.464877699681247236e+01
6.451554906070671791e+01
6.438245942805137645e+01
6.424951063175117838e+01
6.411670517634919975e+01
6.398404553553089613e+01
6.385153415213869010e+01
6.371917344028076968e+01
6.358696578398494381e+01
6.345491353729665462e+01
6.332301902389792048e+01
6.319128453828982828e+01
6.305971234518492707e+01
6.292830468022261670e+01
6.279706374808559843e+01
6.266599172464184875e+01
6.253509075717352772e+01
6.240436296287463591e+01
6.227381042926521104e+01
6.214343521560440564e+01
6.201323935148626276e+01
6.188322483869850998e+01
6.175339364886659865e+01
6.162374772543370938e+01
6.149428898343073513e+01
6.136501931008834987e+01
6.123594056338763636e+01
6.110705457292608145e+01
6.097836313144892273e+01
6.084986797660657487e+01
6.072157089984980161e+01
6.059347362004481852e+01
6.046557782842644713e+01
6.033788518902153442e+01
6.021039734018346934e+01
6.008311589127677621e+01
5.995604242579745602e+01
5.982917850004591998e+01
5.970252564500847825e+01
5.957608536478977612e+01
5.944985913712171310e+01
5.932384841370159023e+01
5.919805462041742317e+01
5.907247915834480523e+01
5.894712335331557540e+01
5.882198857578399043e+01
5.869707617806135858e+01
5.857238746055075751e+01
5.844792369875681004e+01
5.832368614410699337e+01
5.819967602246274652e+01
5.807589453632678556e+01
5.795234286432308579e+01
5.782902216127806128e+01
5.770593355880135533e+01
5.758307816469304896e+01
5.746045704005701538e+01
5.733807120491323417e+01
5.721592176294171850e+01
5.709400973131645429e+01
5.697233610387290526e+01
5.685090185213031333e+01
5.672970792572663612e+01
5.660875525329110047e+01
5.648804474147301136e+01
5.636757727596113909e+01
5.624735371982237098e+01
5.612737491562575087e+01
5.600764159440406331e+01
5.588815464899721519e+01
5.576891486151701116e+01
5.564992299265705356e+01
5.553117978324301163e+01
5.541268595341054493e+01
5.529444220534836774e+01
5.517644922135343677e+01
5.505870766396404292e+01
5.494121817748484915e+01
5.482398137504122815e+01
5.470699779269949659e+01
5.459026809992221985e+01
5.447379286628063966e+01
5.435757264352203322e+01
5.424160796518458483e+01
5.412589934711498785e+01
5.401044728708777143e+01
5.389525226621561416e+01
5.378031474886690688e+01
5.366563518265140686e+01
5.355121398545109201e+01
5.343705150693541839e+01
5.332314822014971156e+01
5.320950450663594467e+01
5.309612073216948858e+01
5.298299724603645444e+01
5.287013438249917385e+01
5.275753245892021681e+01
5.264519177844572795e+01
5.253311262856292529e+01
5.242129528243976466e+01
5.230973999852718492e+01
5.219844697484711560e+01
5.208741645252771235e+01
5.197664868124795134e+01
5.186614386171032010e+01
5.175590218142077248e+01
5.164592381345927663e+01
5.153620891880181176e+01
5.142675764415358941e+01
5.131757012229561354e+01
5.120864647384303936e+01
5.109998680538527793e+01
5.099159121259882710e+01
5.088345977805602161e+01
5.077559252114298260e+01
5.066798953254057380e+01
5.056065087648602940e+01
5.045357658723753502e+01
5.034676668666344312e+01
5.024022118457128272e+01
5.013394008125461454e+01
5.002792336401331141e+01
4.992217101079330632e+01
4.981668298732929401e+01
4.971145924772149982e+01
4.960649973685408298e+01
4.950180438781971759e+01
4.939737312509869582e+01
4.929320586194004505e+01
4.918930250228824264e+01
4.908566289314025255e+01
4.898228696120171577e+01
4.887917458434883144e+01
4.877632562685284512e+01
4.867373994402851167e+01
4.857141738182918544e+01
4.846935777790947242e+01
4.836756095986510218e+01
4.826602674682265359e+01
4.816475494902710608e+01
4.806374536797533636e+01
4.796299779693239884e+01
4.786251202150315720e+01
4.776228781846273108e+01
4.766232495701191851e+01
4.756262319839043329e+01
4.746318229587911475e+01
4.736400199479731299e+01
4.726508203338504899e+01
4.716642214165536728e+01
4.706802204292347369e+01
4.696988145356414179e+01
4.687200008289516262e+01
4.677437763314021169e+01
4.667701380019754964e+01
4.657990827169771819e+01
4.648306073010878237e+01
4.638647085021992922e+01
4.629013830109076366e+01
4.619406274607128893e+01
4.609824384110753215e+01
4.600268123788534069e+01
4.590737458075260946e+01
4.581232350801067810e+01
4.571752765328232471e+01
4.562298664379405011e+01
4.552870010016785329e+01
4.543466763932714514e+01
4.534088887277999902e+01
4.524736340619627128e+01
4.515409084021987951e+01
4.506107077063709454e+01
4.496830278810303838e+01
4.487578647815455213e+01
4.478352142188490603e+01
4.469150719452569120e+01
4.459974336870349987e+01
4.450822951126581728e+01
4.441696518515456660e+01
4.432594994902828489e+01
4.423518335729149697e+01
4.414466496050091848e+01
4.405439430350753582e+01
4.396437092908080047e+01
4.387459437468790213e+01
4.378506417441607113e+01
4.369577985908777151e+01
4.360674095553768126e+01
4.351794698737609934e+01
4.342939747506619597e+01
4.334109193399223159e+01
4.325302987822720269e+01
4.316521081690044070e+01
4.307763425628503740e+01
4.299029967835732435e+01
4.290320656837062785e+01
4.281635445831559394e+01
4.272974284279721502e+01
4.264337121408756559e+01
4.255723906071207097e+01
4.247134586842812354e+01
4.238569112171727937e+01
4.230027430079090323e+01
4.221509488380806374e+01
4.213015234724198876e+01
4.204544616343753205e+01
4.196097580440185482e+01
4.187674070826289352e+01
4.179274032196877897e+01
4.170897415887379367e+01
4.162544168293761260e+01
4.154214235409091316e+01
4.145907563147728325e+01
4.137624097066542816e+01
4.129363782686350959e+01
4.121126565354899896e+01
4.112912390108999006e+01
4.104721195526749966e+01
4.096552929213341798e+01
4.088407539268896329e+01
4.080284970313182669e+01
4.072185166708514004e+01
4.064108072559384510e+01
4.056053631985676589e+01
4.048021788919913178e+01
4.040012480831337882e+01
4.032025652310893804e+01
4.024061252224111485e+01
4.016119224005085186e+01
4.008199511001381410e+01
4.000302056502702186e+01
3.992426803660778489e+01
3.984573689292111709e+01
3.976742655836299889e+01
3.968933652746947871e+01
3.961146622845689791e+01
3.953381508908433517e+01
3.945638253530395900e+01
3.937916797219715193e+01
3.930217072325866212e+01
3.922539033374152950e+01
3.914882622779195742e+01
3.907247782958596360e+01
3.899634456106504388e+01
3.892042579264614233e+01
3.884472089784621573e+01
3.876922939728230233e+01
3.869395071333148195e+01
3.861888426570956057e+01
3.854402947624727460e+01
3.846938560451758349e+01
3.839495222513112083e+01
3.832072876249648630e+01
3.824671463681470840e+01
3.817290926794079553e+01
3.809931191020442043e+01
3.802592213849690950e+01
3.795273938168973160e+01
3.787976337968616747e+01
3.780699254915542440e+01
3.773442716957499243e+01
3.766206648118443212e+01
3.758990990354591588e+01
3.751795685775956457e+01
3.744620662355165308e+01
3.737465870845851157e+01
3.730331258471212408e+01
3.723216767352237611e+01
3.716122330523736395e+01
3.709047888235661361e+01
3.701993393582637992e+01
3.694958788666414762e+01
3.687944008212296154e+01
3.680948988856098225e+01
3.673973686005064110e+01
3.667018042045106796e+01
3.660081989904114863e+01
3.653165469429396239e+01
3.646268435147191411e+01
3.639390829656208837e+01
3.632532580964869595e+01
3.625693638660398221e+01
3.618873953187179637e+01
3.612073467021684792e+01
3.605292100606553163e+01
3.598529819441852595e+01
3.591786566482838339e+01
3.585062273642377306e+01
3.578356882809320894e+01
3.571670349529640731e+01
3.565002615819096832e+01
3.558353603373888774e+01
3.551723278380972459e+01
3.545111584484915568e+01
3.538518447268216960e+01
3.531943821439284648e+01
3.525387657712563794e+01
3.518849887343402827e+01
3.512330453794544383e+01
3.505829313981780615e+01
3.499346403177577969e+01
3.492881657142556406e+01
3.486435037339062859e+01
3.480006481185327516e+01
3.473595920417113803e+01
3.467203319231359160e+01
3.460828615371201522e+01
3.454471740296374094e+01
3.448132659062924432e+01
3.441811307803479281e+01
3.435507621558470959e+01
3.429221564392830857e+01
3.422953068786536335e+01
3.416702077326769427e+01
3.410468550968023038e+01
3.404252416989270813e+01
3.398053628908415646e+01
3.391872142960982472e+01
3.385707879440816015e+01
3.379560806312029086e+01
3.373430868342565248e+01
3.367317992193521548e+01
3.361222148730354320e+01
3.355143269076017987e+01
3.349081300620764523e+01
3.343036204653011367e+01
3.337007900437571806e+01
3.330996359613703817e+01
3.325001521736458443e+01
3.319023323708375983e+01
3.313061733591008107e+01
3.307116673162867215e+01
3.301188109567722506e+01
3.295275985975727195e+01
3.289380239119437732e+01
3.283500838434427749e+01
3.277637703359222598e+01
3.271790806818613362e+01
3.265960085440423200e+01
3.260145485825960776e+01
3.254346970629174507e+01
3.248564461745478837e+01
3.242797937941964648e+01
3.237047322776722780e+01
3.231312582462793870e+01
3.225593659251192946e+01
3.219890498859533778e+01
3.214203063545159722e+01
3.208531280345303571e+01
3.202875127408601941e+01
3.197234522556994207e+01
3.191609445025870784e+01
3.185999823072491210e+01
3.180405620989169435e+01
3.174826781708285139e+01
3.169263256200795453e+01
3.163715000452414827e+01
3.158181953713404511e+01
3.152664083517496962e+01
3.147161318824309717e+01
3.141673637045298406e+01
3.136200958833390828e+01
3.130743269114318039e+01
3.125300483282585517e+01
3.119872588753191778e+01
3.114459503829096931e+01
3.109061211421506954e+01
3.103677634376622763e+01
3.098308752261134913e+01
3.092954490851342797e+01
3.087614828261905942e+01
3.082289691719649483e+01
3.076979059025655872e+01
3.071682857417150103e+01
3.066401066200520020e+01
3.061133610795416971e+01
3.055880473475419024e+01
3.050641576668651922e+01
3.045416907008356233e+01
3.040206382374100613e+01
3.035009992153389291e+01
3.029827657204475599e+01
3.024659361151784154e+01
3.019505032719326465e+01
3.014364647060181923e+01
3.009238142678024275e+01
3.004125484857098272e+01
2.999026623079497611e+01
2.993941511522287513e+01
2.988870112275419189e+01
2.983812366585028641e+01
2.978768250709792298e+01
2.973737691614773127e+01
2.968720675579028523e+01
2.963717130456556959e+01
2.958727034024554925e+01
2.953750329201909253e+01
2.948786975864033266e+01
2.943836936110095337e+01
2.938900150583321036e+01
2.933976599311644051e+01
2.929066209599142923e+01
2.924168964911966029e+01
2.919284806818047429e+01
2.914413695985123809e+01
2.909555598112712715e+01
2.904710449613598300e+01
2.899878233492420065e+01
2.895058885105637358e+01
2.890252375925844319e+01
2.885458664070067059e+01
2.880677692999655193e+01
2.875909442852940501e+01
2.871153849625295962e+01
2.866410886427672011e+01
2.861680512748352712e+01
2.856962670500729118e+01
2.852257340991479850e+01
2.847564465336754935e+01
2.842884009594125772e+01
2.838215943312624390e+01
2.833560198173981703e+01
2.828916760935934960e+01
2.824285582191898669e+01
2.819666612360616753e+01
2.815059829217500464e+01
2.810465176415707944e+01
2.805882619982365611e+01
2.801312130207228535e+01
2.796753645515074993e+01
2.792207144104967043e+01
2.787672590052807564e+01
2.783149919752762003e+01
2.778639118805143227e+01
2.774140144426132792e+01
2.769652940324747092e+01
2.765177488791023563e+01
2.760713745740235936e+01
2.756261659189730651e+01
2.751821209623710018e+01
2.747392353156322287e+01
2.742975038966751811e+01
2.738569247350323010e+01
2.734174936129250355e+01
2.729792052698922689e+01
2.725420578507252856e+01
2.721060474744901470e+01
2.716711683988616954e+01
2.712374190261875029e+01
2.708047956515403243e+01
2.703732926734278053e+01
2.699429080104757972e+01
2.695136382800874841e+01
2.690854785773696989e+01
2.686584256069019361e+01
2.682324766365288937e+01
2.678076275767439540e+01
2.673838736633933522e+01
2.669612129129647826e+01
2.665396417549376551e+01
2.661191550227264457e+01
2.656997503024373231e+01
2.652814244876157446e+01
2.648641735878668513e+01
2.644479930124464317e+01
2.640328807879537010e+01
2.636188334014208223e+01
2.632058462663240661e+01
2.627939162082898505e+01
2.623830405698381796e+01
2.619732158969615909e+01
2.615644372681514795e+01
2.611567023985524827e+01
2.607500082246727757e+01
2.603443513414022803e+01
2.599397267455596250e+01
2.595361325399120744e+01
2.591335654910647079e+01
2.587320222518176749e+01
2.583314979880050188e+01
2.579319906762258441e+01
2.575334971837966691e+01
2.571360142111279146e+01
2.567395373497531708e+01
2.563440639236467788e+01
2.559495911875157503e+01
2.555561158597801352e+01
2.551636342021430082e+01
2.547721424249204247e+01
2.543816383761630462e+01
2.539921188295082999e+01
2.536035805698287149e+01
2.532160192876846239e+01
2.528294326007367232e+01
2.524438176745652029e+01
2.520591713693458757e+01
2.516754905268308562e+01
2.512927706319870680e+01
2.509110099402191452e+01
2.505302053560822273e+01
2.501503537763634100e+01
2.497714521139718258e+01
2.493934960374206966e+01
2.490164836737747933e+01
2.486404120391239658e+01
2.482652780869773679e+01
2.478910787790146486e+01
2.475178103438508259e+01
2.471454700437375251e+01
2.467740553652914670e+01
2.464035633316328600e+01
2.460339909369429634e+01
2.456653352256363831e+01
2.452975921973334295e+01
2.449307598583572343e+01
2.445648353629515270e+01
2.441998157903073974e+01
2.438356982383909255e+01
2.434724797757705517e+01
2.431101567293671195e+01
2.427487267532993798e+01
2.423881872533452508e+01
2.420285353405977347e+01
2.416697681861630898e+01
2.413118829343984473e+01
2.409548766874945613e+01
2.405987458046173089e+01
2.402434883723372749e+01
2.398891015839722840e+01
2.395355826638994046e+01
2.391829288236116469e+01
2.388311372932596655e+01
2.384802053081751438e+01
2.381301295884765779e+01
2.377809076235937269e+01
2.374325369978128464e+01
2.370850149938298301e+01
2.367383388997335913e+01
2.363925060122542376e+01
2.360475136428930298e+01
2.357033591114303661e+01
2.353600396437528985e+01
2.350175520566335408e+01
2.346758943358756255e+01
2.343350638389738805e+01
2.339950579409245179e+01
2.336558739984121758e+01
2.333175094094961821e+01
2.329799615710603433e+01
2.326432278980534463e+01
2.323073057836289479e+01
2.319721926502038301e+01
2.316378853895334444e+01
2.313043820058497246e+01
2.309716799630539441e+01
2.306397767335594651e+01
2.303086697670799410e+01
2.299783565663154050e+01
2.296488346003321723e+01
2.293201013901899543e+01
2.289921544231655659e+01
2.286649912385767180e+01
2.283386093418046059e+01
2.280130062903239718e+01
2.276881796074991726e+01
2.273641265680502244e+01
2.270408449342298240e+01
2.267183323819226715e+01
2.263965864808786321e+01
2.260756048422215869e+01
2.257553850533518514e+01
2.254359247212745032e+01
2.251172214508220648e+01
2.247992728882043068e+01
2.244820766556514968e+01
2.241656303950118811e+01
2.238499317568283331e+01
2.235349784002904983e+01
2.232207679931973132e+01
2.229072982119138402e+01
2.225945667413268936e+01
2.222825712747995297e+01
2.219713095141263537e+01
2.216607791694825025e+01
2.213509779596519422e+01
2.210419036129846759e+01
2.207335538650810491e+01
2.204259264595633638e+01
2.201190191482073288e+01
2.198128297020003075e+01
2.195073558667487390e+01
2.192025954320649817e+01
2.188985461834175439e+01
2.185952059242508483e+01
2.182925724324040218e+01
2.179906435272701160e+01
2.176894170399287276e+01
2.173888907731290843e+01
2.170890625696341658e+01
2.167899302800261907e+01
2.164914917337068800e+01
2.161937448101284787e+01
2.158966873490696159e+01
2.156003172442020599e+01
2.153046323571447473e+01
2.150096305961497478e+01
2.147153098312493569e+01
2.144216679924128144e+01
2.141287029672373166e+01
2.138364126932017228e+01
2.135447950894690905e+01
2.132538480778599776e+01
2.129635696185113147e+01
2.126739576544643029e+01
2.123850101280585179e+01
2.120967250239070623e+01
2.118091003073517697e+01
2.115221339513788834e+01
2.112358239350156808e+01
2.109501682735966099e+01
2.106651649537845117e+01
2.103808119891973405e+01
2.100971073887621188e+01
2.098140491818274711e+01
2.095316353923864483e+01
2.092498640621766981e+01
2.089687332322308677e+01
2.086882409439772346e+01
2.084083852786006474e+01
2.081291642660510988e+01
2.078505756536754134e+01
2.075726178467497007e+01
2.072952889448626834e+01
2.070185870404339923e+01
2.067425102338685150e+01
2.064670566336461377e+01
2.061922243510493402e+01
2.059180115112805964e+01
2.056444162362799588e+01
2.053714366787973944e+01
2.050990709497919440e+01
2.048273172150575405e+01
2.045561736251834617e+01
2.042856382127522252e+01
2.040157088724417989e+01
2.037463841694745170e+01
2.034776623032453813e+01
2.032095414342097683e+01
2.029420197691272421e+01
2.026750955252732567e+01
2.024087668808862972e+01
2.021430320654009449e+01
2.018778893134252428e+01
2.016133368232071277e+01
2.013493724455285161e+01
2.010859945675455052e+01
2.008232016854445234e+01
2.005609920315395911e+01
2.002993638909126517e+01
2.000383155003595803e+01
1.997778451569560687e+01
1.995179511177438059e+01
1.992586316883254938e+01
1.989998846747051076e+01
1.987417085621347823e+01
1.984841019415659602e+01
1.982270631063252964e+01
1.979705903591690586e+01
1.977146820466158417e+01
1.974593364850968769e+01
1.972045520051815259e+01
1.969503263761613354e+01
1.966966582588885615e+01
1.964435462496439300e+01
1.961909887057083068e+01
1.959389839870796735e+01
1.956875304501412316e+01
1.954366264940927067e+01
1.951862700769802572e+01
1.949364595166162673e+01
1.946871936749643694e+01
1.944384709479533768e+01
1.941902897393937266e+01
1.939426484588713606e+01
1.936955455215935373e+01
1.934489785841586595e+01
1.932029466446043742e+01
1.929574483185857758e+01
1.927124820426073981e+01
1.924680462596833408e+01
1.922241394187082264e+01
1.919807593821102643e+01
1.917379047806763026e+01
1.914955744921887160e+01
1.912537669874798851e+01
1.910124807428166704e+01
1.907717142521018516e+01
1.905314652009525389e+01
1.902917325800229875e+01
1.900525151697383208e+01
1.898138114732877568e+01
1.895756200114473344e+01
1.893379390749674585e+01
1.891007664785264097e+01
1.888641016533828676e+01
1.886279431414836694e+01
1.883922894530804371e+01
1.881571391404812843e+01
1.879224897373227421e+01
1.876883406503564089e+01
1.874546905820369602e+01
1.872215381053583627e+01
1.869888817613015775e+01
1.867567191693633433e+01
1.865250496219300302e+01
1.862938719512158769e+01
1.860631847183560339e+01
1.858329865266001946e+01
1.856032748197750948e+01
1.853740492491256475e+01
1.851453085266828680e+01
1.849170512507234321e+01
1.846892757272874874e+01
1.844619799075305977e+01
1.842351633754144302e+01
1.840088247863229398e+01
1.837829627515205644e+01
1.835575750309294918e+01
1.833326607365667371e+01
1.831082189228865786e+01
1.828842482689402260e+01
1.826607470462281668e+01
1.824377132911791222e+01
1.822151466799525465e+01
1.819930458744732960e+01
1.817714095521714412e+01
1.815502349929030501e+01
1.813295222830221221e+01
1.811092701083144618e+01
1.808894771665196899e+01
1.806701409611289222e+01
1.804512611577967363e+01
1.802328366961517503e+01
1.800148662894794072e+01
1.797973475309052560e+01
1.795802799314098408e+01
1.793636625397356354e+01
1.791474941119600217e+01
1.789317721612809109e+01
1.787164963517199823e+01
1.785016657122179851e+01
1.782872789906820543e+01
1.780733335069027135e+01
1.778598293571246103e+01
1.776467653963392479e+01
1.774341401512152316e+01
1.772219513118340828e+01
1.770101989701478828e+01
1.767988819042605186e+01
1.765879981900172524e+01
1.763775464424054817e+01
1.761675263310397455e+01
1.759579366490140018e+01
1.757487749019330181e+01
1.755400408733465412e+01
1.753317336841309171e+01
1.751238517417520768e+01
1.749163930376922238e+01
1.747093576198196985e+01
1.745027443107822407e+01
1.742965507187842533e+01
1.740907764621100995e+01
1.738854208100390508e+01
1.736804820932547955e+01
1.734759585101110702e+01
1.732718500520065419e+01
1.730681555906490487e+01
1.728648723905008922e+01
1.726620007849063398e+01
1.724595397400612384e+01
1.722574870940456648e+01
1.720558420789755516e+01
1.718546042351557190e+01
1.716537718917835065e+01
1.714533433219576608e+01
1.712533185721855133e+01
1.710536963821272849e+01
1.708544742155122975e+01
1.706556525595704699e+01
1.704572303396150090e+01
1.702592047786457030e+01
1.700615763239373379e+01
1.698643440060442344e+01
1.696675053307200898e+01
1.694710602591193904e+01
1.692750080946844093e+01
1.690793465035189058e+01
1.688840751220928382e+01
1.686891934347454836e+01
1.684946992152860190e+01
1.683005919010359719e+01
1.681068711407781890e+01
1.679135346648157068e+01
1.677205819444019141e+01
1.675280126073596776e+01
1.673358243943398804e+01
1.671440168419101369e+01
1.669525895695511508e+01
1.667615401870648384e+01
1.665708684956817009e+01
1.663805740013129508e+01
1.661906541374408164e+01
1.660011090821102187e+01
1.658119381873883214e+01
1.656231386096676772e+01
1.654347110748087957e+01
1.652466544885085398e+01
1.650589662631468002e+01
1.648716472117807541e+01
1.646846957400832423e+01
1.644981100381594175e+01
1.643118905153924558e+01
1.641260351854296573e+01
1.639405431083815046e+01
1.637554142954831349e+01
1.635706462163735964e+01
1.633862389767791967e+01
1.632021920000910242e+01
1.630185024602015176e+01
1.628351713588880045e+01
1.626521970246136206e+01
1.624695778620117181e+01
1.622873142854006900e+01
1.621054039286857318e+01
1.619238465881174704e+01
1.617426419392497294e+01
1.615617870651981391e+01
1.613812830762203987e+01
1.612011281729449408e+01
1.610213210431975384e+01
1.608418620194711934e+01
1.606627484404187456e+01
1.604839807250892036e+01
1.603055578467681386e+01
1.601274777717561904e+01
1.599497412237515981e+01
1.597723458112010775e+01
1.595952914453307869e+01
1.594185775568216989e+01
1.592422017527730738e+01
1.590661649847910653e+01
1.588904649333230701e+01
1.587151013579908643e+01
1.585400738077298932e+01
1.583653798912104271e+01
1.581910205673213632e+01
1.580169934456789349e+01
1.578432984890085145e+01
1.576699349879902279e+01
1.574969008952981930e+01
1.573241970758778052e+01
1.571518208238379799e+01
1.569797726645863634e+01
1.568080512985452302e+01
1.566366553792731153e+01
1.564655854519910960e+01
1.562948383651748863e+01
1.561244155516750709e+01
1.559543147808276586e+01
1.557845357201711245e+01
1.556150778367624810e+01
1.554459391632221887e+01
1.552771206072494081e+01
1.551086192018806109e+01
1.549404360335516451e+01
1.547725691484994748e+01
1.546050180739830182e+01
1.544377823641474734e+01
1.542708601200840945e+01
1.541042522237541945e+01
1.539379556049579989e+01
1.537719716431251449e+01
1.536062979977786469e+01
1.534409347594559314e+01
1.532758808561514563e+01
1.531111351162768486e+01
1.529466977251082938e+01
1.527825662974777998e+01
1.526187420290438723e+01
1.524552219388274921e+01
1.522920072493398713e+01
1.521290956957250096e+01
1.519664874593956405e+01
1.518041813032069953e+01
1.516421763937710843e+01
1.514804725183635625e+01
1.513190678291778113e+01
1.511579631095994003e+01
1.509971555771654472e+01
1.508366467223283713e+01
1.506764334872065625e+01
1.505165172196088719e+01
1.503568954547614389e+01
1.501975687499939660e+01
1.500385354275730165e+01
1.498797952667234235e+01
1.497213473500810821e+01
1.495631907718436082e+01
1.494053252421207212e+01
1.492477492653324411e+01
1.490904631664644953e+01
1.489334648297386110e+01
1.487767551837553803e+01
1.486203315854728046e+01
1.484641954332649583e+01
1.483083436495399177e+01
1.481527779632321895e+01
1.479974952172822178e+01
1.478424970199312050e+01
1.476877805211046812e+01
1.475333469480856863e+01
1.473791937881484415e+01
1.472253219936899349e+01
1.470717293385504476e+01
1.469184164953937177e+01
1.467653814743523277e+01
1.466126247732667132e+01
1.464601445886184372e+01
1.463079412382565003e+01
1.461560130690901360e+01
1.460043602958810460e+01
1.458529813391239749e+01
1.457018763871445266e+01
1.455510438986994437e+01
1.454004840295381840e+01
1.452501952416562325e+01
1.451001777342960253e+01
1.449504299104488680e+01
1.448009520611270240e+01
1.446517424683345077e+01
1.445028015904113516e+01
1.443541275542425240e+01
1.442057209780663918e+01
1.440575797998014274e+01
1.439097048725728811e+01
1.437620938841997287e+01
1.436147479698323970e+01
1.434676645201217049e+01
1.433208449991018263e+01
1.431742864534652782e+01
1.430279906272772372e+01
1.428819544630561289e+01
1.427361796129681615e+01
1.425906633611924157e+01
1.424454068947213337e+01
1.423004079935433097e+01
1.421556673336735166e+01
1.420111832368415072e+01
1.418669558225614402e+01
1.417229839996386076e+01
1.415792672858127510e+01
1.414358052220259410e+01
1.412925966792361976e+01
1.411496418892094695e+01
1.410069390036133719e+01
1.408644889756726748e+01
1.407222892497432021e+01
1.405803413631143961e+01
1.404386424853215232e+01
1.402971940357645586e+01
1.401559937908423237e+01
1.400150423325521842e+01
1.398743382900590504e+01
1.397338813504742205e+01
1.395936710947301940e+01
1.394537062586186416e+01
1.393139874061480654e+01
1.391745122636199028e+01
1.390352822196659233e+01
1.388962945543158334e+01
1.387575506031132022e+01
1.386190484018071167e+01
1.384807881651663486e+01
1.383427690525592091e+01
1.382049901731977393e+01
1.380674518471743717e+01
1.379301519774196372e+01
1.377930918583246545e+01
1.376562688933139000e+01
1.375196842945382514e+01
1.373833363262681928e+01
1.372472249146628265e+01
1.371113496753072702e+01
1.369757091651701941e+01
1.368403043467135838e+01
1.367051324737422036e+01
1.365701951329133479e+01
1.364354903119629547e+01
1.363010182017699989e+01
1.361667782077886280e+01
1.360327690476211160e+01
1.358989916248910923e+01
1.357654432511112752e+01
1.356321254322684311e+01
1.354990363694986399e+01
1.353661759489967409e+01
1.352335439961237284e+01
1.351011387815839093e+01
1.349689614159320250e+01
1.348370095673754854e+01
1.347052841049150018e+01
1.345737839687990167e+01
1.344425082652634806e+01
1.343114576823972683e+01
1.341806295802216553e+01
1.340500255188021761e+01
1.339196437869410516e+01
1.337894841172527727e+01
1.336595466403308841e+01
1.335298292356645078e+01
1.334003331798589720e+01
1.332710566827172549e+01
1.331419997290612223e+01
1.330131622670775471e+01
1.328845423318581709e+01
1.327561411407510050e+01
1.326279568484988403e+01
1.324999895540189954e+01
1.323722391634326456e+01
1.322447037132979730e+01
1.321173843985561902e+01
1.319902795274248497e+01
1.318633889899416900e+01
1.317367129527240088e+01
1.316102491554130083e+01
1.314839989499535555e+01
1.313579608879456195e+01
1.312321343998304002e+01
1.311065199732835751e+01
1.309811154226791174e+01
1.308559217350384429e+01
1.307309380525988551e+01
1.306061631135073142e+01
1.304815977555777806e+01
1.303572402007161557e+01
1.302330906373014230e+01
1.301091491188515015e+01
1.299854133815878754e+01
1.298618847900844742e+01
1.297385621417115686e+01
1.296154444696101571e+01
1.294925324858704840e+01
1.293698244019265431e+01
1.292473204706748824e+01
1.291250207440044129e+01
1.290029229688554757e+01
1.288810284642518056e+01
1.287593362148074760e+01
1.286378450269606866e+01
1.285165556872313175e+01
1.283954667257278359e+01
1.282745778887869470e+01
1.281538894759990654e+01
1.280333996219525616e+01
1.279131089369134777e+01
1.277930172357848981e+01
1.276731224031649603e+01
1.275534257078588674e+01
1.274339262547889007e+01
1.273146226797143932e+01
1.271955158483290305e+01
1.270766045758291440e+01
1.269578881285432281e+01
1.268393670732960743e+01
1.267210399484284977e+01
1.266029065915409291e+01
1.264849672623668120e+01
1.263672202862137084e+01
1.262496659751105099e+01
1.261323043438831526e+01
1.260151335517573123e+01
1.258981542957891087e+01
1.257813664082430094e+01
1.256647678694339909e+01
1.255483597148356978e+01
1.254321415904864701e+01
1.253161114307739687e+01
1.252002704527776977e+01
1.250846181140913416e+01
1.249691525414796978e+01
1.248538748315955438e+01
1.247387844466041606e+01
1.246238795913892794e+01
1.245091613200510139e+01
1.243946290901577356e+01
1.242802811125771001e+01
1.241661184519223760e+01
1.240521406003132299e+01
1.239383457041027192e+01
1.238247348640179446e+01
1.237113076464170724e+01
1.235980620738216018e+01
1.234849992896172388e+01
1.233721188890363862e+01
1.232594190185110072e+01
1.231469005742547296e+01
1.230345632726442595e+01
1.229224054423612600e+01
1.228104276483168178e+01
1.226986297590834063e+01
1.225870103464610850e+01
1.224755695468021344e+01
1.223643074329567959e+01
1.222532228257756692e+01
1.221423153761452873e+01
1.220315854084355323e+01
1.219210320483393417e+01
1.218106543574130463e+01
1.217004529561062753e+01
1.215904273002792380e+01
1.214805758045064543e+01
1.213708994133988384e+01
1.212613977404205379e+01
1.211520691343700307e+01
1.210429142232633382e+01
1.209339328504306188e+01
1.208251238045151155e+01
1.207164868867920404e+01
1.206080223345253621e+01
1.204997294347459835e+01
1.203916070355670698e+01
1.202836558586250781e+01
1.201758755100357057e+01
1.200682643514810799e+01
1.199608231146721593e+01
1.198535515889940051e+01
1.197464486430788355e+01
1.196395139574017641e+01
1.195327478325748949e+01
1.194261497632770741e+01
1.193197182719984717e+01
1.192134542060694358e+01
1.191073572115521095e+01
1.190014260340680785e+01
1.188956607167584778e+01
1.187900613389709470e+01
1.186846273543894981e+01
1.185793574448178589e+01
1.184742524181145207e+01
1.183693118650977816e+01
1.182645346180699519e+01
1.181599206364982280e+01
1.180554700813495828e+01
1.179511824806193765e+01
1.178470563286817629e+01
1.177430925262797246e+01
1.176392906762884927e+01
1.175356498607747646e+01
1.174321695890572315e+01
1.173288502456787619e+01
1.172256914343047463e+01
1.171226917935604206e+01
1.170198517684394801e+01
1.169171712248096817e+01
1.168146496870919115e+01
1.167122858409259756e+01
1.166100804415506609e+01
1.165080331422002047e+01
1.164061431402503466e+01
1.163044097734447746e+01
1.162028334904335658e+01
1.161014139285536473e+01
1.160001499989670748e+01
1.158990416547326952e+01
1.157980890000025198e+01
1.156972917115068000e+01
1.155966485206924865e+01
1.154961597405886486e+01
1.153958253384021049e+01
1.152956449374723924e+01
1.151956171313370447e+01
1.150957425949905755e+01
1.149960210586885623e+01
1.148964522315409553e+01
1.147970345749785714e+01
1.146977689529929378e+01
1.145986550225557110e+01
1.144996924465030652e+01
1.144008797686523948e+01
1.143022178100905784e+01
1.142037062560690153e+01
1.141053447625818684e+01
1.140071318832273484e+01
1.139090684110375484e+01
1.138111540593167703e+01
1.137133884661488104e+01
1.136157703192885116e+01
1.135183002070981750e+01
1.134209779291744802e+01
1.133238031486075670e+01
1.132267746994192947e+01
1.131298928686416971e+01
1.130331576181632336e+01
1.129365685913893103e+01
1.128401248708753712e+01
1.127438263118393458e+01
1.126476730703601881e+01
1.125516648301381473e+01
1.124558009086443633e+01
1.123600806601710289e+01
1.122645044746952259e+01
1.121690720688634357e+01
1.120737830870515594e+01
1.119786362370190602e+01
1.118836322215567591e+01
1.117887707613653347e+01
1.116940515474511386e+01
1.115994736049511360e+01
1.115050369271817488e+01
1.114107415784178556e+01
1.113165872814549751e+01
1.112225735398463655e+01
1.111286993890557362e+01
1.110349653987276142e+01
1.109413712362957050e+01
1.108479166425210849e+01
1.107546006577033104e+01
1.106614232660515640e+01
1.105683845609182825e+01
1.104754842371633217e+01
1.103827219285652639e+01
1.102900964955775898e+01
1.101976085738246525e+01
1.101052578479772670e+01
1.100130440603647486e+01
1.099209665577173034e+01
1.098290247855712742e+01
1.097372190898824584e+01
1.096455491765600776e+01
1.095540147461884573e+01
1.094626149576357399e+01
1.093713497303188298e+01
1.092802191398461176e+01
1.091892229234785994e+01
1.090983607856577642e+01
1.090076317303302211e+01
1.089170359983906167e+01
1.088265735056463868e+01
1.087362439786830137e+01
1.086460471300510910e+01
1.085559819537299120e+01
1.084660487564169351e+01
1.083762474086749350e+01
1.082865776665006408e+01
1.081970392316599749e+01
1.081076311275974433e+01
1.080183536028388325e+01
1.079292065920592236e+01
1.078401898023909133e+01
1.077513029677139222e+01
1.076625452447751030e+01
1.075739166375359446e+01
1.074854171919676382e+01
1.073970466301119409e+01
1.073088046890055125e+01
1.072206907160695266e+01
1.071327043587042027e+01
1.070448458245811985e+01
1.069571148532560301e+01
1.068695111750171911e+01
1.067820344405265232e+01
1.066946837336997511e+01
1.066074595425428129e+01
1.065203616017661403e+01
1.064333896472834518e+01
1.063465434231778062e+01
1.062598221601864346e+01
1.061732258230582637e+01
1.060867544415775576e+01
1.060004077619671570e+01
1.059141855313335334e+01
1.058280874734749766e+01
1.057421125854201627e+01
1.056562613666250350e+01
1.055705335957947888e+01
1.054849290084588453e+01
1.053994473490439532e+01
1.053140881282264019e+01
1.052288508013429791e+01
1.051437356551867452e+01
1.050587424420874427e+01
1.049738708920753361e+01
1.048891207860859254e+01
1.048044915373382580e+01
1.047199828129677002e+01
1.046355947865004410e+01
1.045513272059093701e+01
1.044671798274849195e+01
1.043831524091384289e+01
1.042992444047783707e+01
1.042154554587622961e+01
1.041317857435717542e+01
1.040482350187190264e+01
1.039648030304426030e+01
1.038814895693225537e+01
1.037982942138784814e+01
1.037152163533760252e+01
1.036322562866576824e+01
1.035494137774572465e+01
1.034666885900524314e+01
1.033840804891805298e+01
1.033015892344364772e+01
1.032192139899377281e+01
1.031369550423873882e+01
1.030548122409321010e+01
1.029727853532567572e+01
1.028908741463103915e+01
1.028090783824539400e+01
1.027273976126708455e+01
1.026458313855399318e+01
1.025643799142161861e+01
1.024830429697553846e+01
1.024018203219134193e+01
1.023207117372467501e+01
1.022397169881658208e+01
1.021588354836888790e+01
1.020780670932278689e+01
1.019974118635411209e+01
1.019168695686131088e+01
1.018364399786113594e+01
1.017561228688034625e+01
1.016759180158345721e+01
1.015958248360427341e+01
1.015158432187619120e+01
1.014359731949237720e+01
1.013562145548357840e+01
1.012765670453155487e+01
1.011970304608917992e+01
1.011176045819948932e+01
1.010382889799459782e+01
1.009590832681519679e+01
1.008799876097495840e+01
1.008010017843202988e+01
1.007221255722978981e+01
1.006433587573332034e+01
1.005647011235887511e+01
1.004861524557379759e+01
1.004077120754306662e+01
1.003293801338895541e+01
1.002511565180072139e+01
1.001730410109234271e+01
1.000950333994762254e+01
1.000171334715065186e+01
9.993934101535939973e+00
9.986165580293146604e+00
9.978407711786820400e+00
9.970660529067625788e+00
9.962924008205824578e+00
9.955198129448479705e+00
9.947482871875571675e+00
9.939778214683176571e+00
9.932084137117032085e+00
9.924400618472411395e+00
9.916727594714160432e+00
9.909065080856189311e+00
9.901413064431547895e+00
9.893771524892343905e+00
9.886140441534212897e+00
9.878519793914113833e+00
9.870909563146010868e+00
9.863309726001000755e+00
9.855720247955742863e+00
9.848141091570168371e+00
9.840572269981283426e+00
9.833013764544981328e+00
9.825465552274538439e+00
9.817927614598250585e+00
9.810399931364116810e+00
9.802882482622221616e+00
9.795375249978764742e+00
9.787878195716375629e+00
9.780391285504443033e+00
9.772914530955503665e+00
9.765447912401047148e+00
9.757991411685127403e+00
9.750545006305003426e+00
9.743108678197561545e+00
9.735682407883144762e+00
9.728266177351006405e+00
9.720859964161251199e+00
9.713463715504927265e+00
9.706077438941965951e+00
9.698701125099745468e+00
9.691334751859116636e+00
9.683978301538544997e+00
9.676631755039764471e+00
9.669295094776066080e+00
9.661968298813054190e+00
9.654651349654397308e+00
9.647344228386410592e+00
9.640046890382453881e+00
9.632759328220419803e+00
9.625481537786040320e+00
9.618213501748945404e+00
9.610955198457519444e+00
9.603706610740497140e+00
9.596467720008813984e+00
9.589238509184891512e+00
9.582018956839082335e+00
9.574809045981517386e+00
9.567608759668758012e+00
9.560418046823789595e+00
9.553236913169978806e+00
9.546065349396917199e+00
9.538903334343748597e+00
9.531750851286226123e+00
9.524607883546403642e+00
9.517474410096298243e+00
9.510350414343619718e+00
9.503235879742392811e+00
9.496130785396134755e+00
9.489035114843810348e+00
9.481948851556477820e+00
9.474871941067108949e+00
9.467804401144114479e+00
9.460746215478257781e+00
9.453697363431228240e+00
9.446657828805019363e+00
9.439627595447644737e+00
9.432606642851457224e+00
9.425594954946999948e+00
9.418592515710720647e+00
9.411599304760795093e+00
9.404615307621531528e+00
9.397640503999037165e+00
9.390674877385878361e+00
9.383718382882038966e+00
9.376771030332774259e+00
9.369832805470272419e+00
9.362903688209712527e+00
9.355983662899017617e+00
9.349072713931768419e+00
9.342170821344312870e+00
9.335277971075425896e+00
9.328394143246304893e+00
9.321519322410438235e+00
9.314653493166844100e+00
9.307796635755515524e+00
9.300948736320078680e+00
9.294109775183791555e+00
9.287279725654963514e+00
9.280458569040561656e+00
9.273646300995954661e+00
9.266842907867408385e+00
9.260048370175498533e+00
9.253262674344249206e+00
9.246485800975285940e+00
9.239717736570115747e+00
9.232958461810781614e+00
9.226207961810443337e+00
9.219466221727438793e+00
9.212733222355849350e+00
9.206008950396896040e+00
9.199293386723475408e+00
9.192586518113188276e+00
9.185888325517090891e+00
9.179198795788870768e+00
9.172517899385017159e+00
9.165845622372017942e+00
9.159181957552492648e+00
9.152526891930946817e+00
9.145880406688251085e+00
9.139242488904056216e+00
9.132613119834788407e+00
9.125992286634820871e+00
9.119379970635542065e+00
9.112776159065727910e+00
9.106180833331070090e+00
9.099593980734415055e+00
9.093015582755120008e+00
9.086445626769753758e+00
9.079884094330656907e+00
9.073330972891499258e+00
9.066786244104639181e+00
9.060249895501879536e+00
9.053721908783296968e+00
9.047202271548602681e+00
9.040690965569080362e+00
9.034187969688819209e+00
9.027693266628222801e+00
9.021206852332230852e+00
9.014728710177728033e+00
9.008258823583114250e+00
9.001797180393015907e+00
8.995343762629381956e+00
8.988898558208264333e+00
8.982461549219788566e+00
8.976032723651114154e+00
8.969612063659843315e+00
8.963199557303893172e+00
8.956795188273721564e+00
8.950398940299489681e+00
8.944010801537034538e+00
8.937630754317256176e+00
8.931258786865859278e+00
8.924894881623206544e+00
8.918539026952476689e+00
8.912191206787374753e+00
8.905851405099534546e+00
8.899519610286978022e+00
8.893195804920049241e+00
8.886879977465824254e+00
8.880572112024045950e+00
8.874272192731821107e+00
8.867980208151619692e+00
8.861696141017972650e+00
8.855419979961498100e+00
8.849151709244722497e+00
8.842891312664093562e+00
8.836638770296955769e+00
8.830394074431557883e+00
8.824157213991428605e+00
8.817928173445805484e+00
8.811706937258989569e+00
8.805493494323155090e+00
8.799287829162585339e+00
8.793089926336449480e+00
8.786899774828908605e+00
8.780717359258385812e+00
8.774542664277532822e+00
8.768375678961687569e+00
8.762216386556739067e+00
8.756064776203421829e+00
8.749920832715888608e+00
8.743784541088471585e+00
8.737655890581590867e+00
8.731534866064738054e+00
8.725421452440089709e+00
8.719315639036532062e+00
8.713217410812973185e+00
8.707126752760364852e+00
8.701043654295979479e+00
8.694968100466770267e+00
8.688900076351092849e+00
8.682839571498231379e+00
8.676786571288927163e+00
8.670741062399672572e+00
8.664703030036116971e+00
8.658672463823739562e+00
8.652649349022642156e+00
8.646633670922968307e+00
8.640625419236009463e+00
8.634624579305608449e+00
8.628631136505052979e+00
8.622645080697280306e+00
8.616666397607778194e+00
8.610695074202563859e+00
8.604731095977379951e+00
8.598774452846575045e+00
8.592825130358013652e+00
