5.728244769881121051e-02
1.330826863181526765e+00
2.032565803703269669e+00
2.600788381309905528e+00
3.123931375193139015e+00
3.619775295708545837e+00
4.084918591803529786e+00
4.538513317177990558e+00
4.984646212289078449e+00
5.424103648070566663e+00
5.856202074640033395e+00
6.279457244321344334e+00
6.691979832886989499e+00
7.091716780417381294e+00
7.476602553452782018e+00
7.844655951668775273e+00
8.194043681384773237e+00
8.523121183810358659e+00
8.830458959453206802e+00
9.114857618277317997e+00
9.375355210323572663e+00
9.611227533869099560e+00
9.821983243643348516e+00
1.000735428396165894e+01
1.016728320440751432e+01
1.030190699529748244e+01
1.041153948004604146e+01
1.049665260815314127e+01
1.055785722906234625e+01
1.059588525719862595e+01
1.061157250092746018e+01
1.060584379998483584e+01
1.057970029756074481e+01
1.053420887089949964e+01
1.047049354839853486e+01
1.038972891542148247e+01
1.029313446021605927e+01
1.018196956366249850e+01
1.005752841935394670e+01
9.921134374708177717e+00
9.774132897267199027e+00
9.617883054841817270e+00
9.453747931035859864e+00
9.283082747661973499e+00
9.107222436959693468e+00
8.927468249005157119e+00
8.745074221806966364e+00
8.561234206341493902e+00
8.377070031604166189e+00
8.193621230345973672e+00
8.011836773716058957e+00
7.832569088089027076e+00
7.656570745435561598e+00
7.484493094050047368e+00
7.316887423302101290e+00
7.154207911635682038e+00
6.996816422704640104e+00
6.844988255186152060e+00
6.698919385382228420e+00
6.558733601623254472e+00
6.424490764543520527e+00
6.296194401020801301e+00
6.173799594169267380e+00
6.057220269845710270e+00
5.946336345987381478e+00
5.840999932464916000e+00
5.741041200154164414e+00
5.646273590915005691e+00
5.556498387945405071e+00
5.471508693723268202e+00
5.391092747083637171e+00
5.315037041187225419e+00
5.243128437071035819e+00
5.175156431721879891e+00
5.110914543043511671e+00
5.050201679104091568e+00
4.992822997338362434e+00
4.938590822421146775e+00
4.887324906571777205e+00
4.838852945373063541e+00
4.793010621711832009e+00
4.749641767896390476e+00
4.708598221739867640e+00
4.669739759313169536e+00
4.632933896844078525e+00
4.598055660250892629e+00
4.564987333128890157e+00
4.533618078443355515e+00
4.503843733042717012e+00
4.475566519480422834e+00
4.448694564585541578e+00
4.423141748723852906e+00
4.398827264709695761e+00
4.375675402617889453e+00
4.353615231272890185e+00
4.332580264113879309e+00
4.312508233725983686e+00
4.293340853397808132e+00
4.275023452896435927e+00
4.257504888163477830e+00
4.240737196699294387e+00
4.224675530821390801e+00
4.209277781423984344e+00
4.194504543278728903e+00
4.180318844293571701e+00
4.166686047628449074e+00
4.153573640790016341e+00
4.140951144481885393e+00
4.128789948290633838e+00
4.117063228231823580e+00
4.105745764548659693e+00
4.094813884149491656e+00
4.084245357421341538e+00
4.074019247968061030e+00
4.064115915926329592e+00
4.054516889782592948e+00
4.045204782737275018e+00
4.036163176432521205e+00
4.027376712454725727e+00
4.018830867071926605e+00
4.010511961671298309e+00
4.002407108749447495e+00
3.994504161683675392e+00
3.986791667907110703e+00
3.979258788854226125e+00
3.971895322714449783e+00
3.964691682070688561e+00
3.957638718660944299e+00
3.950727864566175196e+00
3.943950997197502861e+00
3.937300437307327261e+00
3.930768913875942960e+00
3.924349611975443075e+00
3.918035948961841264e+00
3.911821850201384621e+00
3.905701498061159072e+00
3.899669351775523207e+00
3.893720190139461579e+00
3.887849102039179439e+00
3.882051402754679081e+00
3.876322653346142566e+00
3.870658646925173141e+00
3.865055393234309467e+00
3.859509096563977337e+00
3.854016193801522494e+00
3.848573284615714130e+00
3.843177143653586647e+00
3.837824711168952074e+00
3.832513084163780004e+00
3.827239508073503771e+00
3.822001368943035882e+00
3.816796186065550600e+00
3.811621605040518723e+00
3.806475391279597886e+00
3.801355423811203060e+00
3.796259689527728742e+00
3.791186263139526780e+00
3.786133342647902023e+00
3.781099208744949092e+00
3.776082228174186373e+00
3.771080851054790628e+00
3.766093606850905218e+00
3.761119100413861105e+00
3.756156008384925027e+00
3.751203075677910448e+00
3.746259112244656464e+00
3.741322989892015283e+00
3.736393639443867265e+00
3.731470028818829832e+00
3.726551213899264248e+00
3.721636290131232983e+00
3.716724397788255363e+00
3.711814723507328662e+00
3.706906498184058485e+00
3.701998994932619080e+00
3.697091527155497825e+00
3.692183446709358829e+00
3.687274142163806001e+00
3.682363037143361773e+00
3.677449588751886100e+00
3.672533278421183933e+00
3.667613626286170714e+00
3.662690189372455496e+00
3.657762544453339260e+00
3.652830294957703838e+00
3.647893069820130840e+00
3.642950522328816554e+00
3.638002329088272369e+00
3.633048188976367943e+00
3.628087822165527943e+00
3.623120969251315326e+00
3.618147390278439790e+00
3.613166863980819876e+00
3.608179186912910286e+00
3.603184172709282596e+00
3.598181651335678133e+00
3.593171468392544643e+00
3.588153484419719597e+00
3.583127574269682203e+00
3.578093626475780997e+00
3.573051542694545724e+00
3.568001237089254651e+00
3.562942635819588588e+00
3.557875676518730490e+00
3.552800307788565704e+00
3.547716483778526886e+00
3.542624164258237229e+00
3.537523340736171473e+00
3.532414001140860904e+00
3.527296142167112070e+00
3.522169768904219289e+00
3.517034894458538563e+00
3.511891539611279978e+00
3.506739732467023085e+00
3.501579508112199868e+00
3.496410882654025443e+00
3.491233920659321033e+00
3.486048684094664285e+00
3.480855233014930050e+00
3.475653633005129972e+00
3.470443954933398523e+00
3.465226256766923640e+00
3.460000610770787688e+00
3.454767127050643261e+00
3.449525895222594674e+00
3.444277009007648438e+00
3.439020551018467486e+00
3.433756600782796209e+00
3.428485298659176284e+00
3.423206752934878416e+00
3.417921075070447845e+00
3.412628328447206982e+00
3.407328673178024125e+00
3.402022236152038470e+00
3.396709139935224275e+00
3.391389449813918766e+00
3.386063347123077882e+00
3.380730965345457584e+00
3.375392413265024594e+00
3.370047799653863141e+00
3.364697305069503930e+00
3.359341066058513903e+00
3.353979148167856916e+00
3.348611760954417704e+00
3.343239046358420730e+00
3.337861080406194780e+00
3.332478059103931134e+00
3.327090138349544812e+00
3.321697391135431943e+00
3.316300024471432462e+00
3.310898189822982118e+00
3.305491958569485966e+00
3.300081558154225547e+00
3.294667105614618396e+00
3.289248723242635286e+00
3.283826617012555182e+00
3.278400866959799931e+00
3.272971669039409282e+00
3.267539171696325795e+00
3.262103477269617358e+00
3.256664806316495575e+00
3.251223228287874356e+00
3.245778956129468984e+00
3.240332109230985580e+00
3.234882831565290218e+00
3.229431306063131224e+00
3.223977617384695904e+00
3.218521997652313171e+00
3.213064494886197053e+00
3.207605353014546079e+00
3.202144640503649775e+00
3.196682564783083880e+00
3.191219224546259170e+00
3.185754799692374295e+00
3.180289410007811401e+00
3.174823216567424389e+00
3.169356351432563557e+00
3.163888965310769130e+00
3.158421193913412583e+00
3.152953185867487296e+00
3.147485072157205188e+00
3.142017007364649839e+00
3.136549109616979525e+00
3.131081547276949983e+00
3.125614417677812451e+00
3.120147910630169275e+00
3.114682094982002880e+00
3.109217189352648347e+00
3.103753226698289680e+00
3.098290441315959765e+00
3.092828883938892215e+00
3.087368745858544816e+00
3.081910123267570523e+00
3.076453153446087274e+00
3.070997986089838427e+00
3.065544697837188970e+00
3.060093487923815303e+00
3.054644397033850378e+00
3.049197622946775432e+00
3.043753252917675844e+00
3.038311407931929775e+00
3.032872250854438789e+00
3.027435819992519761e+00
3.022002319940376047e+00
3.016571819231284479e+00
3.011144444147126453e+00
3.005720348688326826e+00
3.000299562220457794e+00
2.994882283818690816e+00
2.989468591098103811e+00
2.984058579789588883e+00
2.978652409706987747e+00
2.973250127594833980e+00
2.967851883301965810e+00
2.962457799842271200e+00
2.957067909805948691e+00
2.951682394532036291e+00
2.946301334975161446e+00
2.940924799255514088e+00
2.935552944941966835e+00
2.930185836422090073e+00
2.924823566846761036e+00
2.919466275264896105e+00
2.914114014397248376e+00
2.908766892558968031e+00
2.903425035279305622e+00
2.898088488202012147e+00
2.892757365484683874e+00
2.887431783910632710e+00
2.882111786327342440e+00
2.876797484038890129e+00
2.871488989460161623e+00
2.866186346755643655e+00
2.860889656249278712e+00
2.855599030106434011e+00
2.850314517521135294e+00
2.845036200372238699e+00
2.839764194409733822e+00
2.834498557368255067e+00
2.829239345613616230e+00
2.823986682154755457e+00
2.818740636481229522e+00
2.813501233007558167e+00
2.808268605258813277e+00
2.803042826790062225e+00
2.797823916284310819e+00
2.792611988756309671e+00
2.787407125302205912e+00
2.782209363133831381e+00
2.777018771923377649e+00
2.771835450261404432e+00
2.766659456328286026e+00
2.761490809577130889e+00
2.756329628667097520e+00
2.751175976891438335e+00
2.746029873341345962e+00
2.740891404845587687e+00
2.735760649733290695e+00
2.730637653027014888e+00
2.725522441723415845e+00
2.720415119284190109e+00
2.715315742144155386e+00
2.710224322549923404e+00
2.705140942517336722e+00
2.700065671801533007e+00
2.694998552280159387e+00
2.689939598801534881e+00
2.684888910180189825e+00
2.679846536349590025e+00
2.674812491249258795e+00
2.669786835521315016e+00
2.664769639224366493e+00
2.659760948617158949e+00
2.654760752122228507e+00
2.649769151742057183e+00
2.644786191209103521e+00
2.639811892171863406e+00
2.634846282462867784e+00
2.629889438908383781e+00
2.624941401873954305e+00
2.620002169897010624e+00
2.615071807536573534e+00
2.610150368005637045e+00
2.605237884425697370e+00
2.600334345096833477e+00
2.595439837652625314e+00
2.590554396797550840e+00
2.585678033872658155e+00
2.580810771590891672e+00
2.575952675513659695e+00
2.571103777297155002e+00
2.566264066872179672e+00
2.561433600947427003e+00
2.556612423436952497e+00
2.551800558931049956e+00
2.546997988261636703e+00
2.542204790006137749e+00
2.537420990722389469e+00
2.532646593214813890e+00
2.527881613464730393e+00
2.523126108189273076e+00
2.518380101178742336e+00
2.513643572895851275e+00
2.508916575898902046e+00
2.504199144588646675e+00
2.499491292222026928e+00
2.494792999696152425e+00
2.490104334373143047e+00
2.485425315507483468e+00
2.480755932038378742e+00
2.476096205796437300e+00
2.471446179980077318e+00
2.466805871371345660e+00
2.462175243231586652e+00
2.457554361240887886e+00
2.452943243224554593e+00
2.448341881719597435e+00
2.443750278432846201e+00
2.439168480675329764e+00
2.434596501167747729e+00
2.430034303524280848e+00
2.425481940246736912e+00
2.420939430148951299e+00
2.416406762995140678e+00
2.411883933802900781e+00
2.407370987867684775e+00
2.402867934160616947e+00
2.398374729583919507e+00
2.393891428385961806e+00
2.389418043398344960e+00
2.384954554093591028e+00
2.380500964711532497e+00
2.376057311110299608e+00
2.371623593507379280e+00
2.367199769853696623e+00
2.362785897285796022e+00
2.358381979991465371e+00
2.353987978424317618e+00
2.349603924215403872e+00
2.345229835172033095e+00
2.340865688273178868e+00
2.336511477622384092e+00
2.332167238170846257e+00
2.327832961401069323e+00
2.323508608158486144e+00
2.319194228393705259e+00
2.314889822129789110e+00
2.310595332921824507e+00
2.306310811952748452e+00
2.302036261992394639e+00
2.297771636368550752e+00
2.293516962856467334e+00
2.289272254529982842e+00
2.285037472216752796e+00
2.280812624798405075e+00
2.276597733450527627e+00
2.272392764196053516e+00
2.268197711796958504e+00
2.264012603262297141e+00
2.259837407488872074e+00
2.255672109893797295e+00
2.251516740992407506e+00
2.247371270118031283e+00
2.243235678261740418e+00
2.239109997026553334e+00
2.234994193770304616e+00
2.230888250059599898e+00
2.226792196218217779e+00
2.222705995133751777e+00
2.218629634047077026e+00
2.214563139443249007e+00
2.210506467222848936e+00
2.206459615395843343e+00
2.202422604180364285e+00
2.198395379907088110e+00
2.194377956646489825e+00
2.190370345803559715e+00
2.186372481500037601e+00
2.182384399183538548e+00
2.178406095667900999e+00
2.174437499621569625e+00
2.170478663846449940e+00
2.166529558127566535e+00
2.162590141878332428e+00
2.158660451915964451e+00
2.154740438548903736e+00
2.150830097361326132e+00
2.146929446471156133e+00
2.143038414012056414e+00
2.139157037259897365e+00
2.135285298798480724e+00
2.131423144146975979e+00
2.127570615578282087e+00
2.123727659336112961e+00
2.119894272255324896e+00
2.116070470483508714e+00
2.112256170591326754e+00
2.108451426328130207e+00
2.104656195243002514e+00
2.100870450517307919e+00
2.097094219437013685e+00
2.093327423528825726e+00
2.089570102776497240e+00
2.085822223291549093e+00
2.082083751657755055e+00
2.078354717927186179e+00
2.074635040215539572e+00
2.070924761708868633e+00
2.067223840173416427e+00
2.063532252579498572e+00
2.059850020867054265e+00
2.056177058812404201e+00
2.052513422385379815e+00
2.048859046607228951e+00
2.045213936022389323e+00
2.041578080065663769e+00
2.037951427359768530e+00
2.034334016180843641e+00
2.030725757528125452e+00
2.027126700773478341e+00
2.023536785740012167e+00
2.019956013073888279e+00
2.016384369461053705e+00
2.012821809807191720e+00
2.009268364526425543e+00
2.005723945927764706e+00
2.002188610281050885e+00
1.998662274913521886e+00
1.995144971215521146e+00
1.991636648551808442e+00
1.988137302952547536e+00
1.984646917293025226e+00
1.981165455240367690e+00
1.977692930253749148e+00
1.974229276563195912e+00
1.970774535246640147e+00
1.967328614204227666e+00
1.963891572051304157e+00
1.960463314113536137e+00
1.957043890051996637e+00
1.953633221186833913e+00
1.950231337979285495e+00
1.946838179177190264e+00
1.943453759135890691e+00
1.940078030959241362e+00
1.936710995885023268e+00
1.933352618445562054e+00
1.930002889722138848e+00
1.926661782716805771e+00
1.923329281294813731e+00
1.920005363928133146e+00
1.916690010356786988e+00
1.913383201538288780e+00
1.910084915947109607e+00
1.906795134179534834e+00
1.903513836475077659e+00
1.900240999999100788e+00
1.896976609747834441e+00
1.893720636511050825e+00
1.890473072939624632e+00
1.887233880636128180e+00
1.884003062768969672e+00
1.880780568777876249e+00
1.877566415353359108e+00
1.874360536842228253e+00
1.871162966413937090e+00
1.867973620368361232e+00
1.864792549294863155e+00
1.861619654522165490e+00
1.858454990669564655e+00
1.855298474211694248e+00
1.852150134191200115e+00
1.849009914010255384e+00
1.845877814296209563e+00
1.842753808236576862e+00
1.839637865206517064e+00
1.836529990992033623e+00
1.833430120859284473e+00
1.830338293269816896e+00
1.827254415208933391e+00
1.824178534431459608e+00
1.821110581987393173e+00
1.818050564186026286e+00
1.814998454983813847e+00
1.811954216318484079e+00
1.808917867872693819e+00
1.805889324472440327e+00
1.802868632792900883e+00
1.799855722329245955e+00
1.796850599692892292e+00
1.793853243540438624e+00
1.790863606132822472e+00
1.787881714349348616e+00
1.784907485962463625e+00
1.781940953395393157e+00
1.778982073194498970e+00
1.776030816211644492e+00
1.773087199054370622e+00
1.770151137003685760e+00
1.767222669725373008e+00
1.764301750174015471e+00
1.761388349337837500e+00
1.758482482781660527e+00
1.755584072592905720e+00
1.752693147195536039e+00
1.749809674414188221e+00
1.746933607123671850e+00
1.744064968947566019e+00
1.741203697923556337e+00
1.738349793136334531e+00
1.735503254567911213e+00
1.732664001291952305e+00
1.729832071741163046e+00
1.727007429641909786e+00
1.724190026735194392e+00
1.721379885793727249e+00
1.718576956224874941e+00
1.715781218261062557e+00
1.712992679943713403e+00
1.710211280468483031e+00
1.707437021917118214e+00
1.704669900963556195e+00
1.701909849899358784e+00
1.699156886034940639e+00
1.696410997956921962e+00
1.693672114392132499e+00
1.690940261319218374e+00
1.688215422437057800e+00
1.685497526279563729e+00
1.682786600865693538e+00
1.680082628386357912e+00
1.677385540286165044e+00
1.674695360268251498e+00
1.672012072258432402e+00
1.669335613757302106e+00
1.666665997804553045e+00
1.664003213270867532e+00
1.661347206874001392e+00
1.658697974640044759e+00
1.656055513540060087e+00
1.653419782707379992e+00
1.650790754849144948e+00
1.648168438172545436e+00
1.645552807365693093e+00
1.642943805542881996e+00
1.640341455275092564e+00
1.637745736603569924e+00
1.635156596779944849e+00
1.632574035949377000e+00
1.629998047563258501e+00
1.627428601721644164e+00
1.624865654432518625e+00
1.622309220838516808e+00
1.619759281303389642e+00
1.617215788371042517e+00
1.614678735233301854e+00
1.612148117875955577e+00
1.609623916853114123e+00
1.607106072877399150e+00
1.604594604849028716e+00
1.602089495459669832e+00
1.599590719349514689e+00
1.597098228951560950e+00
1.594612039839740758e+00
1.592132132817369428e+00
1.589658480271023411e+00
1.587191041297540517e+00
1.584729827611135677e+00
1.582274820234154777e+00
1.579825994726927973e+00
1.577383305886843168e+00
1.574946767109126844e+00
1.572516359602984304e+00
1.570092064658418884e+00
1.567673830503318655e+00
1.565261669064932137e+00
1.562855564633415462e+00
1.560455498586609258e+00
1.558061434607066698e+00
1.555673355920467626e+00
1.553291260612522651e+00
1.550915130381334883e+00
1.548544946881262652e+00
1.546180661718874250e+00
1.543822284659272182e+00
1.541469800085939701e+00
1.539123189841542283e+00
1.536782432631662365e+00
1.534447486056983001e+00
1.532118360148973402e+00
1.529795036904773253e+00
1.527477498493238439e+00
1.525165726409196676e+00
1.522859675164382365e+00
1.520559355803747570e+00
1.518264750589848999e+00
1.515975841939500857e+00
1.513692612210488342e+00
1.511415026593394106e+00
1.509143075247748378e+00
1.506876750793126218e+00
1.504616035792971873e+00
1.502360912886961497e+00
1.500111364852024343e+00
1.497867352137882024e+00
1.495628877232091813e+00
1.493395925966176430e+00
1.491168481244721233e+00
1.488946526036180718e+00
1.486730043357276321e+00
1.484519000524657129e+00
1.482313389267800430e+00
1.480113200226144565e+00
1.477918416611733621e+00
1.475729021722472778e+00
1.473544998792879035e+00
1.471366331217860646e+00
1.469192983566677269e+00
1.467024956424036741e+00
1.464862235389178924e+00
1.462704803944545162e+00
1.460552645774157110e+00
1.458405744499253309e+00
1.456264083791245056e+00
1.454127640682129963e+00
1.451996394273679547e+00
1.449870340198651686e+00
1.447749462442121660e+00
1.445633744925137076e+00
1.443523171658228854e+00
1.441417726699841140e+00
1.439317394157399344e+00
1.437222158187021481e+00
1.435131991267560636e+00
1.433046885692231376e+00
1.430966829781185279e+00
1.428891807928406310e+00
1.426821804452294229e+00
1.424756803835719898e+00
1.422696790618471097e+00
1.420641749280303845e+00
1.418591664451987588e+00
1.416546520814504273e+00
1.414506298039837073e+00
1.412470978554023704e+00
1.410440554736879459e+00
1.408415011530441685e+00
1.406394333775874861e+00
1.404378506377465419e+00
1.402367514416051675e+00
1.400361342874864023e+00
1.398359976822743045e+00
1.396363401455939401e+00
1.394371601939228933e+00
1.392384563486099180e+00
1.390402271395879685e+00
1.388424710977392396e+00
1.386451863098311810e+00
1.384483714089681072e+00
1.382520253340705940e+00
1.380561466349713218e+00
1.378607338692864115e+00
1.376657856026238802e+00
1.374713003916790077e+00
1.372772768132207499e+00
1.370837134416519554e+00
1.368906088616486549e+00
1.366979616513761986e+00
1.365057704079293277e+00
1.363140337175569705e+00
1.361227501846655530e+00
1.359319184175785677e+00
1.357415370197273985e+00
1.355516046008039543e+00
1.353621197876733184e+00
1.351730811947445599e+00
1.349844874568303599e+00
1.347963372016272032e+00
1.346086290657737550e+00
1.344213616861248406e+00
1.342345337167195618e+00
1.340481438032953054e+00
1.338621905999890505e+00
1.336766727658912357e+00
1.334915889647784182e+00
1.333069378649792025e+00
1.331227181393683567e+00
1.329389284653577752e+00
1.327555675248870859e+00
1.325726340044126150e+00
1.323901265948952632e+00
1.322080439961240028e+00
1.320263848993623146e+00
1.318451480133231435e+00
1.316643320468336320e+00
1.314839357175110912e+00
1.313039577342839159e+00
1.311243968235421553e+00
1.309452517160689444e+00
1.307665211338187694e+00
1.305882038206140461e+00
1.304102985072050913e+00
1.302328039464883735e+00
1.300557188776447326e+00
1.298790420617400798e+00
1.297027722507573699e+00
1.295269082008250638e+00
1.293514486858908574e+00
1.291763924718111411e+00
1.290017383276956808e+00
1.288274850400871196e+00
1.286536313862638226e+00
1.284801761536548126e+00
1.283071181334155764e+00
1.281344561198014764e+00
1.279621889114023858e+00
1.277903153132127878e+00
1.276188339405146976e+00
1.274477431883775935e+00
1.272770424577163384e+00
1.271067305684681514e+00
1.269368063433847338e+00
1.267672686127582438e+00
1.265981162081085909e+00
1.264293479650393737e+00
1.262609627306894522e+00
1.260929593381638458e+00
1.259253366425202358e+00
1.257580934952674978e+00
1.255912287574785013e+00
1.254247412814195828e+00
1.252586299345068488e+00
1.250928925535338188e+00
1.249275289188925830e+00
1.247625380150170438e+00
1.245979187106774022e+00
1.244336699019054082e+00
1.242697904656008046e+00
1.241062793051556534e+00
1.239431353109269551e+00
1.237803573786146139e+00
1.236179444224513535e+00
1.234558952232450935e+00
1.232942075438005380e+00
1.231328815524176390e+00
1.229719161651471104e+00
1.228113103057233868e+00
1.226510628994177399e+00
1.224911728742147377e+00
1.223316391735056907e+00
1.221724607300095578e+00
1.220136364873694479e+00
1.218551638145565663e+00
1.216970432036380556e+00
1.215392736211120983e+00
1.213818540244163469e+00
1.212247833725406121e+00
1.210680606302760420e+00
1.209116847662330851e+00
1.207556547519196499e+00
1.205999678358390392e+00
1.204446246661804443e+00
1.202896242623652912e+00
1.201349656108538388e+00
1.199806477055980647e+00
1.198266695297757423e+00
1.196730300854409235e+00
1.195197269752470204e+00
1.193667600697358333e+00
1.192141288889601913e+00
1.190618324486619750e+00
1.189098697533959914e+00
1.187582398312652332e+00
1.186069415759733792e+00
1.184559722043093677e+00
1.183053326526784854e+00
1.181550219630406406e+00
1.180050391610100613e+00
1.178553832953836311e+00
1.177060533985296864e+00
1.175570467108444150e+00
1.174083637121132062e+00
1.172600038160295677e+00
1.171119660734036172e+00
1.169642495533419035e+00
1.168168533132985187e+00
1.166697741779330277e+00
1.165230133804472157e+00
1.163765700573800910e+00
1.162304432793678677e+00
1.160846321253543145e+00
1.159391346565277203e+00
1.157939495894422244e+00
1.156490773855385124e+00
1.155045171368619172e+00
1.153602679386711571e+00
1.152163285502908030e+00
1.150726962446185997e+00
1.149293722774446858e+00
1.147863557569026582e+00
1.146436457948369458e+00
1.145012413208372326e+00
1.143591392212393032e+00
1.142173410161896774e+00
1.140758458345065174e+00
1.139346527926754060e+00
1.137937604786984469e+00
1.136531664291617449e+00
1.135128719139272713e+00
1.133728760616012021e+00
1.132331780193236437e+00
1.130937755205934536e+00
1.129546677573224578e+00
1.128158552342704235e+00
1.126773371103791943e+00
1.125391125341074217e+00
1.124011778905386505e+00
1.122635350324060033e+00
1.121261832056838159e+00
1.119891215711491972e+00
1.118523476119061444e+00
1.117158609464869778e+00
1.115796619937944989e+00
1.114437499240746643e+00
1.113081229956344620e+00
1.111727792489480171e+00
1.110377199309795282e+00
1.109029442430961243e+00
1.107684508898290732e+00
1.106342369588766417e+00
1.105003042389801404e+00
1.103666519314226546e+00
1.102332788852393497e+00
1.101001818690115153e+00
1.099673628841431494e+00
1.098348211393472162e+00
1.097025553250120744e+00
1.095705625050070520e+00
1.094388445763154749e+00
1.093074007625637556e+00
1.091762292864047579e+00
1.090453281158638488e+00
1.089146987381409692e+00
1.087843404010741644e+00
1.086542505533321101e+00
1.085244286710960848e+00
1.083948755326858082e+00
1.082655903921146523e+00
1.081365696432626589e+00
1.080078148454131082e+00
1.078793257919865356e+00
1.077511009792937902e+00
1.076231377367925512e+00
1.074954380069192750e+00
1.073680010644071148e+00
1.072408238196892905e+00
1.071139067248039867e+00
1.069872502109574741e+00
1.068608529153838083e+00
1.067347118346459345e+00
1.066088291589276871e+00
1.064832041807403096e+00
1.063578334466948050e+00
1.062327180835372920e+00
1.061078582735030418e+00
1.059832518830874371e+00
1.058588973755271390e+00
1.057347962989044987e+00
1.056109476743897879e+00
1.054873476390868037e+00
1.053639989241070829e+00
1.052409008471279828e+00
1.051180496673950415e+00
1.049954470261577955e+00
1.048730929419554592e+00
1.047509844788050204e+00
1.046291216671789481e+00
1.045075053764169537e+00
1.043861332753790894e+00
1.042650041314995057e+00
1.041441194827261940e+00
1.040234774621298541e+00
1.039030758843083602e+00
1.037829167950643061e+00
1.036629986384116187e+00
1.035433185949332424e+00
1.034238790431282196e+00
1.033046785978739335e+00
1.031857141065319450e+00
1.030669881498060159e+00
1.029484993308773078e+00
1.028302444731328924e+00
1.027122262112027062e+00
1.025944429946537229e+00
1.024768919316025206e+00
1.023595755358696735e+00
1.022424919629373319e+00
1.021256388982606067e+00
1.020090185973728358e+00
1.018926287707448530e+00
1.017764679762293900e+00
1.016605380626453226e+00
1.015448361487114814e+00
1.014293619556998260e+00
1.013141167795162279e+00
1.011990970034784887e+00
1.010843038015088791e+00
1.009697377723958844e+00
1.008553944217506215e+00
1.007412766601771592e+00
1.006273836213047224e+00
1.005137116739298841e+00
1.004002638594960528e+00
1.002870378352370251e+00
1.001740321864463379e+00
1.000612488827211655e+00
9.994868542977037862e-01
9.983634091957955814e-01
9.972421536245179574e-01
9.961230815658821403e-01
9.950061870836643951e-01
9.938914638940803403e-01
9.927789061912259960e-01
9.916685082746516944e-01
9.905602641265575103e-01
9.894541679272026435e-01
9.883502138803758053e-01
9.872483960371706280e-01
9.861487087055023082e-01
9.850511459819389914e-01
9.839557022201488312e-01
9.828623715621337409e-01
9.817711483484000690e-01
9.806820269423958125e-01
9.795950015533975153e-01
9.785100663395986942e-01
9.774272157940889771e-01
9.763464443263322190e-01
9.752677464700822973e-01
9.741911165449469445e-01
9.731165486403613452e-01
9.720440374008731954e-01
9.709735776097954130e-01
9.699051635243847169e-01
9.688387891859450152e-01
9.677744498824051300e-01
9.667121397464470967e-01
9.656518530988481563e-01
9.645935852702952618e-01
9.635373298054322744e-01
9.624830823071247599e-01
9.614308365873701634e-01
9.603805879836541104e-01
9.593323305682299740e-01
9.582860595974431739e-01
9.572417690029124682e-01
9.561994544917804539e-01
9.551591097168208311e-01
9.541207302584527872e-01
9.530843106428891209e-01
9.520498452843749737e-01
9.510173295264435778e-01
9.499867580342522544e-01
9.489581252129827282e-01
9.479314264729041817e-01
9.469066566402019047e-01
9.458838102686898397e-01
9.448628822357555412e-01
9.438438677647498221e-01
9.428267617615376794e-01
9.418115591401571285e-01
9.407982548402287204e-01
9.397868436610946619e-01
9.387773207068320636e-01
9.377696810766008584e-01
9.367639198067442274e-01
9.357600319508418973e-01
9.347580125522398919e-01
9.337578567483542091e-01
9.327595595432468523e-01
9.317631160985470062e-01
9.307685215390899547e-01
9.297757710518826935e-01
9.287848597953788365e-01
9.277957828664590290e-01
9.268085353855446407e-01
9.258231126583020831e-01
9.248395099827775301e-01
9.238577226591653258e-01
9.228777460084032214e-01
9.218995750109082454e-01
9.209232048281239535e-01
9.199486311625790780e-01
9.189758494620914320e-01
9.180048546155908928e-01
9.170356419241613155e-01
9.160682073390047364e-01
9.151025458270953816e-01
9.141386525273915709e-01
9.131765236112395767e-01
9.122161537238124840e-01
9.112575386947020517e-01
9.103006742041136468e-01
9.093455549840953056e-01
9.083921775812160426e-01
9.074405361704648287e-01
9.064906277353680375e-01
9.055424462795664819e-01
9.045959887643130193e-01
9.036512496081575696e-01
9.027082252243529004e-01
9.017669107223881264e-01
9.008273018178282188e-01
8.998893944561144886e-01
8.989531833875868960e-01
8.980186650952426408e-01
8.970858352288511028e-01
8.961546886056885874e-01
8.952252218267332529e-01
8.942974304036793720e-01
8.933713096443265389e-01
8.924468554839392054e-01
8.915240638163364206e-01
8.906029304615287190e-01
8.896834509688249515e-01
8.887656208004360847e-01
8.878494362878180945e-01
8.869348931095845101e-01
8.860219870490375627e-01
8.851107140044812693e-01
8.842010697868135649e-01
8.832930502093843117e-01
8.823866510490095960e-01
8.814818682627668656e-01
8.805786978047771552e-01
8.796771356147511378e-01
8.787771775134094465e-01
8.778788196119151621e-01
8.769820577643053783e-01
8.760868879625626215e-01
8.751933060288118460e-01
8.743013080383504887e-01
8.734108900035868484e-01
8.725220480426660874e-01
8.716347781606542666e-01
8.707490764244454340e-01
8.698649388792221160e-01
8.689823616533824957e-01
8.681013403944984885e-01
8.672218714731195766e-01
8.663439511826316330e-01
8.654675756319055724e-01
8.645927408204553410e-01
8.637194425157344035e-01
8.628476774339221000e-01
8.619774418086757484e-01
8.611087311907349440e-01
8.602415421494920000e-01
8.593758712204894179e-01
8.585117138958893168e-01
8.576490668475886814e-01
8.567879266233443536e-01
8.559282884575289962e-01
8.550701497321686606e-01
8.542135059573824352e-01
8.533583538275565372e-01
8.525046895451807716e-01
8.516525092206106429e-01
8.508018095663510971e-01
8.499525865010297832e-01
8.491048366812701254e-01
8.482585561934653517e-01
8.474137415857673217e-01
8.465703893190529294e-01
8.457284953328735311e-01
8.448880569325590839e-01
8.440490692677560247e-01
8.432115297638096418e-01
8.423754346598302245e-01
8.415407798487389845e-01
8.407075626291298232e-01
8.398757790269463230e-01
8.390454251314011236e-01
8.382164981876153442e-01
8.373889945273175206e-01
8.365629100334769364e-01
8.357382417211767223e-01
8.349149863281171147e-01
8.340931402445559417e-01
8.332726997175831096e-01
8.324536614183610794e-01
8.316360220749683396e-01
8.308197783241150214e-01
8.300049268129249258e-01
8.291914639819237820e-01
8.283793864554966913e-01
8.275686906049772862e-01
8.267593733926550392e-01
8.259514315270939377e-01
8.251448615192711333e-01
8.243396601533543588e-01
8.235358239754914100e-01
8.227333498079286711e-01
8.219322342197519227e-01
8.211324740562424562e-01
8.203340659020138537e-01
8.195370065475051646e-01
8.187412928073880547e-01
8.179469213084806789e-01
8.171538889547732554e-01
8.163621924620902970e-01
8.155718285576089022e-01
8.147827941331169388e-01
8.139950855533784058e-01
8.132087000879867356e-01
8.124236344431963186e-01
8.116398856030164755e-01
8.108574502957599517e-01
8.100763255278777830e-01
8.092965076180541617e-01
8.085179936999903338e-01
8.077407809591193866e-01
8.069648662418807961e-01
8.061902461007082188e-01
8.054169173669772919e-01
8.046448774326591113e-01
8.038741231923990371e-01
8.031046509668865463e-01
8.023364582127778810e-01
8.015695420592641174e-01
8.008038988740558972e-01
8.000395259903001488e-01
7.992764207109165353e-01
7.985145790789175413e-01
7.977539990455317920e-01
7.969946772940806889e-01
7.962366104321277893e-01
7.954797965056416009e-01
7.947242310993498648e-01
7.939699127176566007e-01
7.932168371759031889e-01
7.924650026062490804e-01
7.917144052274927013e-01
7.909650428284309420e-01
7.902169117830007972e-01
7.894700099958171791e-01
7.887243335360175633e-01
7.879798808484388406e-01
7.872366475471226366e-01
7.864946321068901902e-01
7.857538308364304669e-01
7.850142411665215203e-01
7.842758606534553367e-01
7.835386853570711629e-01
7.828027135271983239e-01
7.820679421002234566e-01
7.813343677267095000e-01
7.806019883816345262e-01
7.798708009965502619e-01
7.791408022317942716e-01
7.784119900773107670e-01
7.776843617338448089e-01
7.769579137477791164e-01
7.762326438196291978e-01
7.755085493999079871e-01
7.747856277275384507e-01
7.740638755947637506e-01
7.733432904795684015e-01
7.726238699256114950e-01
7.719056112099452749e-01
7.711885116188318401e-01
7.704725682959934208e-01
7.697577783502553839e-01
7.690441394813112286e-01
7.683316490122669151e-01
7.676203042753220185e-01
7.669101026117276509e-01
7.662010413717506019e-01
7.654931179834080224e-01
7.647863296773582675e-01
7.640806738993810576e-01
7.633761480334229077e-01
7.626727493775975475e-01
7.619704754822420600e-01
7.612693237604978291e-01
7.605692916342549070e-01
7.598703766031427165e-01
7.591725759684203600e-01
7.584758872455565903e-01
7.577803077386076058e-01
7.570858350314502161e-01
7.563924666771832950e-01
7.557002000210504278e-01
7.550090326234921712e-01
7.543189619842481930e-01
7.536299856113849449e-01
7.529421010905833489e-01
7.522553058080960753e-01
7.515695973786931106e-01
7.508849730064340866e-01
7.502014304233181052e-01
7.495189672427839955e-01
7.488375811005525406e-01
7.481572695709802767e-01
7.474780301952059780e-01
7.467998599050250652e-01
7.461227569865652720e-01
7.454467191167022388e-01
7.447717437712410016e-01
7.440978278163318249e-01
7.434249696503397731e-01
7.427531668913697205e-01
7.420824169670715564e-01
7.414127171068778388e-01
7.407440655794933493e-01
7.400764600389982961e-01
7.394098972429173910e-01
7.387443758100438185e-01
7.380798932868624096e-01
7.374164465719780237e-01
7.367540342843145185e-01
7.360926536298622036e-01
7.354323021422384254e-01
7.347729783930784242e-01
7.341146785021187560e-01
7.334574017141263225e-01
7.328011449057212356e-01
7.321459060893464876e-01
7.314916830780487933e-01
7.308384731521440081e-01
7.301862747721115099e-01
7.295350847970386576e-01
7.288849019760456072e-01
7.282357229993892123e-01
7.275875466759386123e-01
7.269403698691596638e-01
7.262941911037746889e-01
7.256490076409690682e-01
7.250048174838567006e-01
7.243616186534188595e-01
7.237194082858897648e-01
7.230781851631160606e-01
7.224379459695697836e-01
7.217986894290524535e-01
7.211604132385872612e-01
7.205231145994888120e-01
7.198867922459677438e-01
7.192514433759225057e-01
7.186170658848960446e-01
7.179836582782579413e-01
7.173512175976104466e-01
7.167197419423730897e-01
7.160892297121983496e-01
7.154596782138882283e-01
7.148310852719889086e-01
7.142034493042341836e-01
7.135767681174011168e-01
7.129510390164127687e-01
7.123262603731593812e-01
7.117024301948500220e-01
7.110795465686063910e-01
7.104576068117542942e-01
7.098366089605389062e-01
7.092165514344640487e-01
7.085974320812952199e-01
7.079792487320777372e-01
7.073619991817680086e-01
7.067456813522644543e-01
7.061302934775591789e-01
7.055158334818310006e-01
7.049022994808302744e-01
7.042896893394744451e-01
7.036780010032647192e-01
7.030672324907119020e-01
7.024573815478601935e-01
7.018484465045086163e-01
7.012404253631014939e-01
7.006333160286055683e-01
7.000271167149931806e-01
6.994218253587095591e-01
6.988174399641425838e-01
6.982139585541982107e-01
6.976113792825997528e-01
6.970097001214163868e-01
6.964089191746758445e-01
6.958090344574283659e-01
6.952100440695005990e-01
6.946119460274754465e-01
6.940147385130183144e-01
6.934184196013812862e-01
6.928229873582464338e-01
6.922284398725631061e-01
6.916347753010214650e-01
6.910419917022242453e-01
6.904500871695126163e-01
6.898590599639163878e-01
6.892689081147241881e-01
6.886796294057703216e-01
6.880912223041761866e-01
6.875036850007538725e-01
6.869170156481491096e-01
6.863312123758608108e-01
6.857462734120772785e-01
6.851621968708827559e-01
6.845789805762199087e-01
6.839966227501471652e-01
6.834151219583496362e-01
6.828344763732611122e-01
6.822546841386852856e-01
6.816757432361689739e-01
6.810976515621817162e-01
6.805204078978821514e-01
6.799440104671551355e-01
6.793684574561256184e-01
6.787937462060614768e-01
6.782198758338686684e-01
6.776468446587297079e-01
6.770746506024259981e-01
6.765032913974063922e-01
6.759327660979315144e-01
6.753630729857107440e-01
6.747942093048757695e-01
6.742261741440003231e-01
6.736589660218706976e-01
6.730925821752391514e-01
6.725270216052018357e-01
6.719622829518397955e-01
6.713983632172708660e-01
6.708352617335018309e-01
6.702729768392219345e-01
6.697115057579812181e-01
6.691508481197236957e-01
6.685910012811204783e-01
6.680319638861152987e-01
6.674737346445462904e-01
6.669163107598995444e-01
6.663596919989245304e-01
6.658038752853779885e-01
6.652488600564615551e-01
6.646946438733336571e-01
6.641412255484699934e-01
6.635886032374457288e-01
6.630367752310371010e-01
6.624857401025824322e-01
6.619354959440316710e-01
6.613860413501509994e-01
6.608373743914600640e-01
6.602894937253526164e-01
6.597423975786598227e-01
6.591960842747702776e-01
6.586505525932474514e-01
6.581058001271310465e-01
6.575618263849660750e-01
6.570186282729029159e-01
6.564762057762899561e-01
6.559345560759999305e-01
6.553936782408448236e-01
6.548535706877989249e-01
6.543142311297391878e-01
6.537756592140746559e-01
6.532378520073606198e-01
6.527008087713902507e-01
6.521645282237242824e-01
6.516290075246891078e-01
6.510942463106750289e-01
6.505602429400693110e-01
6.500269948076945470e-01
6.494945016443132157e-01
6.489627616195329241e-01
6.484317721458067174e-01
6.479015329706560022e-01
6.473720423412282488e-01
6.468432979620020173e-01
6.463152988204491356e-01
6.457880438189693706e-01
6.452615310835353446e-01
6.447357583847591611e-01
6.442107252156737962e-01
6.436864298909901194e-01
6.431628709477931194e-01
6.426400460564687389e-01
6.421179545418929102e-01
6.415965949037079064e-01
6.410759657606764916e-01
6.405560651223383140e-01
6.400368914905336659e-01
6.395184437743309802e-01
6.390007204933979557e-01
6.384837203092258440e-01
6.379674415510114827e-01
6.374518823401426060e-01
6.369370416876161123e-01
6.364229180750413661e-01
6.359095102616747486e-01
6.353968165895673703e-01
6.348848357074090565e-01
6.343735662701824873e-01
6.338630066155722664e-01
6.333531551430775508e-01
6.328440106460695436e-01
6.323355718606340492e-01
6.318278372515950814e-01
6.313208054838501671e-01
6.308144750557872493e-01
6.303088446024924796e-01
6.298039127789459846e-01
6.292996780897945897e-01
6.287961392204497457e-01
6.282932946667643126e-01
6.277911432058099761e-01
6.272896832488989993e-01
6.267889136242540404e-01
6.262888327764736252e-01
6.257894394680587613e-01
6.252907322371301646e-01
6.247927098093292164e-01
6.242953706981785311e-01
6.237987137331155729e-01
6.233027373497650458e-01
6.228074403914972690e-01
6.223128213810981135e-01
6.218188790732245286e-01
6.213256121090401374e-01
6.208330190780909641e-01
6.203410987616816419e-01
6.198498497410468433e-01
6.193592708253417012e-01
6.188693602023962459e-01
6.183801169398207564e-01
6.178915396659834247e-01
6.174036272096228295e-01
6.169163782464577306e-01
6.164297913746398239e-01
6.159438654366043986e-01
6.154585990433143472e-01
6.149739904914510724e-01
6.144900387908250883e-01
6.140067427643363107e-01
6.135241012724400589e-01
6.130421128668734898e-01
6.125607764766500818e-01
6.120800899427792929e-01
6.116000526615230637e-01
6.111206635902872719e-01
6.106419214204652501e-01
6.101638246553319211e-01
6.096863714919906752e-01
6.092095614829892147e-01
6.087333932659002578e-01
6.082578657752700790e-01
6.077829767733142763e-01
6.073087257428873009e-01
6.068351117306334253e-01
6.063621334163238341e-01
6.058897884306257975e-01
6.054180767913228678e-01
6.049469972489320835e-01
6.044765478463967057e-01
6.040067275749622100e-01
6.035375357654489958e-01
6.030689708020697815e-01
6.026010309907484652e-01
6.021337160402895350e-01
6.016670244962626368e-01
6.012009542361506087e-01
6.007355053695304647e-01
6.002706761778762168e-01
5.998064648024811207e-01
5.993428713333732727e-01
5.988798935995132133e-01
5.984175305665481170e-01
5.979557817938256914e-01
5.974946447185979226e-01
5.970341194345560876e-01
5.965742043546941042e-01
5.961148978444096302e-01
5.956561998114187073e-01
5.951981075292953616e-01
5.947406213670861641e-01
5.942837392840282229e-01
5.938274602680778669e-01
5.933717836284548852e-01
5.929167072946959216e-01
5.924622314763595687e-01
5.920083532259309278e-01
5.915550732677474777e-01
5.911023887220436812e-01
5.906503001742156034e-01
5.901988048959927458e-01
5.897479031488993551e-01
5.892975925123307146e-01
5.888478730641032444e-01
5.883987425620446077e-01
5.879502010995915073e-01
5.875022461445424948e-01
5.870548781973563557e-01
5.866080943438721773e-01
5.861618953752366634e-01
5.857162781557351261e-01
5.852712435137720215e-01
5.848267889592527746e-01
5.843829142320029479e-01
5.839396179045996949e-01
5.834968986309599925e-01
5.830547562574901477e-01
5.826131881001720414e-01
5.821721946946711856e-01
5.817317738706451191e-01
5.812919250492222245e-01
5.808526475272007827e-01
5.804139389272227056e-01
5.799757996654841818e-01
5.795382277445886299e-01
5.791012221950487815e-01
5.786647827552823253e-01
5.782289070046616741e-01
5.777935948651190534e-01
5.773588455802433073e-01
5.769246564800333266e-01
5.764910281489975530e-01
5.760579594930141933e-01
5.756254479256779355e-01
5.751934938767317984e-01
5.747620963080474210e-01
5.743312529532488275e-01
5.739009637866222535e-01
5.734712279455276285e-01
5.730420436585770272e-01
5.726134099733408700e-01
5.721853264965276464e-01
5.717577921924728024e-01
5.713308047938299161e-01
5.709043644593473354e-01
5.704784701858363061e-01
5.700531207671337697e-01
5.696283143860578768e-01
5.692040510234743778e-01
5.687803296527915720e-01
5.683571492304710926e-01
5.679345076981059393e-01
5.675124051013484827e-01
5.670908404487617904e-01
5.666698127367304494e-01
5.662493206157283021e-01
5.658293628091101146e-01
5.654099389350175642e-01
5.649910480006349323e-01
5.645726890156418376e-01
5.641548609188294927e-01
5.637375620564093470e-01
5.633207922717593519e-01
5.629045504150402834e-01
5.624888355854791300e-01
5.620736468084033266e-01
5.616589831116116649e-01
5.612448429901796265e-01
5.608312259023648938e-01
5.604181310017211093e-01
5.600055573124588237e-01
5.595935038753802049e-01
5.591819697337334638e-01
5.587709539332107456e-01
5.583604555984940099e-01
5.579504733732085775e-01
5.575410064406541855e-01
5.571320540578744707e-01
5.567236152807883975e-01
5.563156891703392448e-01
5.559082747898864696e-01
5.555013712052022656e-01
5.550949774844671225e-01
5.546890927749492661e-01
5.542837159943359016e-01
5.538788462789060452e-01
5.534744827035783521e-01
5.530706243491352314e-01
5.526672702987442953e-01
5.522644196379518089e-01
5.518620715314538350e-01
5.514602249160722724e-01
5.510588789611770011e-01
5.506580327597124791e-01
5.502576853961987924e-01
5.498578359686471240e-01
5.494584836565639119e-01
5.490596274113453967e-01
5.486612664171113263e-01
5.482633997835518747e-01
5.478660266226916820e-01
5.474691461257674696e-01
5.470727572557878560e-01
5.466768592073655286e-01
5.462814510919312694e-01
5.458865320313212033e-01
5.454921012289302151e-01
5.450981576597130340e-01
5.447047005315805990e-01
5.443117289778804935e-01
5.439192421342536887e-01
5.435272392156623722e-01
5.431357192083433594e-01
5.427446813317287067e-01
5.423541247305864177e-01
5.419640481435269441e-01
5.415744510128014388e-01
5.411853325723230412e-01
5.407966919763649294e-01
5.404085284585542492e-01
5.400208410236029266e-01
5.396336289095402527e-01
5.392468912796565261e-01
5.388606270442050095e-01
5.384748351783325004e-01
5.380895152756732802e-01
5.377046665084601607e-01
5.373202881283797305e-01
5.369363791577786982e-01
5.365529388526363297e-01
5.361699656578577944e-01
5.357874593507343519e-01
5.354054192296688885e-01
5.350238444827084550e-01
5.346427343774046159e-01
5.342620875211061549e-01
5.338819030588015657e-01
5.335021807975932617e-01
5.331229197819372656e-01
5.327441192901414269e-01
5.323657779772842380e-01
5.319878950391230266e-01
5.316104702167422369e-01
5.312335027972377999e-01
5.308569916426175705e-01
5.304809352345472018e-01
5.301053338470411713e-01
5.297301865437862300e-01
5.293554924942478479e-01
5.289812499604573670e-01
5.286074591540526058e-01
5.282341193788130385e-01
5.278612295153537470e-01
5.274887881002320311e-01
5.271167953836335407e-01
5.267452506784547905e-01
5.263741519827832560e-01
5.260034992994928604e-01
5.256332923216991970e-01
5.252635295823209205e-01
5.248942100406702727e-01
5.245253337621262890e-01
5.241568998470016449e-01
5.237889064559049235e-01
5.234213540588669167e-01
5.230542419686898814e-01
5.226875677921126728e-01
5.223213324364019972e-01
5.219555350716363895e-01
5.215901733832887244e-01
5.212252483609443043e-01
5.208607586762563635e-01
5.204967027267227708e-01
5.201330812288854633e-01
5.197698923879672250e-01
5.194071355594401806e-01
5.190448108308339803e-01
5.186829159733872263e-01
5.183214515463149263e-01
5.179604165992663933e-01
5.175998094368594593e-01
5.172396307445190633e-01
5.168798785225617864e-01
5.165205527081213610e-01
5.161616528545567295e-01
5.158031769976613168e-01
5.154451261073366153e-01
5.150874977105137642e-01
5.147302924488006415e-01
5.143735089746549471e-01
5.140171464594811557e-01
5.136612049484853282e-01
5.133056823129313884e-01
5.129505797837345948e-01
5.125958942128591156e-01
5.122416273139697163e-01
5.118877763929454705e-01
5.115343422949529817e-01
5.111813231166648652e-01
5.108287190049992654e-01
5.104765286771060229e-01
5.101247517519424957e-01
5.097733873967752460e-01
5.094224348729422536e-01
5.090718936274157835e-01
5.087217627343035842e-01
5.083720417498239774e-01
5.080227297312932544e-01
5.076738261736606361e-01
5.073253302881430837e-01
5.069772413393244248e-01
5.066295588629462499e-01
5.062822817198547876e-01
5.059354099403980953e-01
5.055889418122829770e-01
5.052428780314042189e-01
5.048972161415787863e-01
5.045519575962762460e-01
5.042070993387655076e-01
5.038626427951962139e-01
5.035185858286178595e-01
5.031749286228165419e-01
5.028316702975523800e-01
5.024888097012858434e-01
5.021463473814259393e-01
5.018042806800845357e-01
5.014626110867400621e-01
5.011213363139552790e-01
5.007804564711961781e-01
5.004399711502720560e-01
5.000998784551672349e-01
4.997601794582814949e-01
4.994208717845871615e-01
4.990819559274740080e-01
4.987434313260133978e-01
4.984052958871866279e-01
4.980675507851453077e-01
4.977301941495794746e-01
4.973932255789568213e-01
4.970566452627315224e-01
4.967204508996917456e-01
4.963846431789803448e-01
4.960492216244151709e-01
4.957141839044570952e-01
4.953795311369105225e-01
4.950452623545758546e-01
4.947113756997434941e-01
4.943778719536784938e-01
4.940447503733760848e-01
4.937120089762127018e-01
4.933796485460618664e-01
4.930476684988117086e-01
4.927160665904232184e-01
4.923848437124133670e-01
4.920539993727270356e-01
4.917235314716636996e-01
4.913934404212731977e-01
4.910637259908348651e-01
4.907343865924954085e-01
4.904054217644483460e-01
4.900768315755238969e-01
4.897486153001303633e-01
4.894207710020224145e-01
4.890932994638644837e-01
4.887661999740618435e-01
4.884394715524464359e-01
4.881131130804521878e-01
4.877871247843251767e-01
4.874615061935897442e-01
4.871362559305297268e-01
4.868113732945976713e-01
4.864868585112660515e-01
4.861627108934916675e-01
4.858389293005264675e-01
4.855155128139732601e-01
4.851924617368220671e-01
4.848697753750355055e-01
4.845474529816416465e-01
4.842254930183951256e-01
4.839038959505955195e-01
4.835826610897136502e-01
4.832617879877354472e-01
4.829412755926156819e-01
4.826211229687834559e-01
4.823013301663913177e-01
4.819818967397650478e-01
4.816628220089760881e-01
