9.458210548907842394e+02
3.475161595204751211e+04
5.309035662256432988e+04
6.692978716853342485e+04
7.783834666379877308e+04
8.680075855042158219e+04
9.459345146160892909e+04
1.012907197063206404e+05
1.071074174249011703e+05
1.122335565392919962e+05
1.168285285760125844e+05
1.210255064946307975e+05
1.249353249590246269e+05
1.286500786235259002e+05
1.322463797177068482e+05
1.357882100290628150e+05
1.393293358605253452e+05
1.429153293054537498e+05
1.465852210912593873e+05
1.503728532225295494e+05
1.543079699485363672e+05
1.584171100501384062e+05
1.627243325325218902e+05
1.672518166043262172e+05
1.720203531009062135e+05
1.770497669846849167e+05
1.823592691975337220e+05
1.879677566727094236e+05
1.938940718496663321e+05
2.001572065021205053e+05
2.067764723346663814e+05
2.137716173642834765e+05
2.211628914557894750e+05
2.289710572749529674e+05
2.372173427864309633e+05
2.459233244969946099e+05
2.551107498232054932e+05
2.648012931122811860e+05
2.750162499856071081e+05
2.857761742431995226e+05
2.971004748615933931e+05
3.090069821878330549e+05
3.215114829793833778e+05
3.346272790406522108e+05
3.483647482739219558e+05
3.627309511023478117e+05
3.777292934068033937e+05
3.933592587351865950e+05
4.096162220239819726e+05
4.264913576227944577e+05
4.439716453441905323e+05
4.620399749268132728e+05
4.806753300311226049e+05
4.998530793753726757e+05
5.195453274855568889e+05
5.397213374606225407e+05
5.603479888918671058e+05
5.813902904169195099e+05
6.028118710804748116e+05
6.245755239986437373e+05
6.466436759444442578e+05
6.689788856663557235e+05
6.915442695154475514e+05
7.143039053973313421e+05
7.372231554779513972e+05
7.602689740308184410e+05
7.834101354964609491e+05
8.066174114962877939e+05
8.298636982819474069e+05
8.531240953681838000e+05
8.763759534792903578e+05
8.995988405052922899e+05
9.227745445363243343e+05
9.458869689510515891e+05
9.689220751319939736e+05
9.918677621484880801e+05
1.014713767234707251e+06
1.037451507306943415e+06
1.060073989297487075e+06
1.082575646130805369e+06
1.104952229158611037e+06
1.127200660776330391e+06
1.149318929998253938e+06
1.171305964985681931e+06
1.193161525251614396e+06
1.214886098452117527e+06
1.236480801858570892e+06
1.257947314274745993e+06
1.279287774420057889e+06
1.300504701141994912e+06
1.321600966000880813e+06
1.342579695932404837e+06
1.363444251701913541e+06
1.384198159802640323e+06
1.404845076662669657e+06
1.425388765575958416e+06
1.445833053253048798e+06
1.466181796136970166e+06
1.486438888853589073e+06
1.506608204555929406e+06
1.526693611929093953e+06
1.546698919833124150e+06
1.566627917040958069e+06
1.586484318444420584e+06
1.606271785599852446e+06
1.625993900646649068e+06
1.645654179242485203e+06
1.665256050758053549e+06
1.684802865221638465e+06
1.704297877713248366e+06
1.723744268880178919e+06
1.743145127956437645e+06
1.762503453323679511e+06
1.781822172554933466e+06
1.801104112035631435e+06
1.820352013977691531e+06
1.839568540756951086e+06
1.858756293641596101e+06
1.877917757109995233e+06
1.897055360535534099e+06
1.916171455820156494e+06
1.935268319739005761e+06
1.954348156296162168e+06
1.973413099113910925e+06
1.992465228400573833e+06
2.011506548480563564e+06
2.030538983197318390e+06
2.049564435131828533e+06
2.068584717269124696e+06
2.087601597558409907e+06
2.106616790302603040e+06
2.125631961884251796e+06
2.144648701285725459e+06
2.163668608857207000e+06
2.182693169044890907e+06
2.201723852188885212e+06
2.220762100213351194e+06
2.239809301333927084e+06
2.258866787723410875e+06
2.277935868050266057e+06
2.297017813682581298e+06
2.316113860108355060e+06
2.335225209521645680e+06
2.354353037036109250e+06
2.373498468075173907e+06
2.392662607948900200e+06
2.411846532457846217e+06
2.431051288991042413e+06
2.450277897602209821e+06
2.469527352032618597e+06
2.488800620691356715e+06
2.508098647592558526e+06
2.527422353258302901e+06
2.546772635559287854e+06
2.566150370559295174e+06
2.585556413276922423e+06
2.604991606362963095e+06
2.624456758877239190e+06
2.643952666131413076e+06
2.663480106133562047e+06
2.683039839320675936e+06
2.702632609121339861e+06
2.722259142577080987e+06
2.741920150854851119e+06
2.761616329802504275e+06
2.781348360426287167e+06
2.801116909418246243e+06
2.820922629557623994e+06
2.840766171640620101e+06
2.860648152978665661e+06
2.880569184972520452e+06
2.900529869079319760e+06
2.920530794928357936e+06
2.940572540656991769e+06
2.960655673257856630e+06
2.980780748907151166e+06
3.000948313279405702e+06
3.021158901847971603e+06
3.041413040174735710e+06
3.061711244187105447e+06
3.082054025491284672e+06
3.102441881317828782e+06
3.122875294864861295e+06
3.143354746032539289e+06
3.163880706320456695e+06
3.184453639027625788e+06
3.205073999482546933e+06
3.225742235222421587e+06
3.246458786202087998e+06
3.267224084983922541e+06
3.288038556875941344e+06
3.308902620164894965e+06
3.329816686219886411e+06
3.350781159693610389e+06
3.371796438651910517e+06
3.392862914728092030e+06
3.413980973257204518e+06
3.435150993427010253e+06
3.456373348395009991e+06
3.477648405425032135e+06
3.498976525983314961e+06
3.520358065893797204e+06
3.541793375427168328e+06
3.563282799412543420e+06
3.584826677348299418e+06
3.606425347424698062e+06
3.628079146338793449e+06
3.649788388154743239e+06
3.671553392035958823e+06
3.693374472295077983e+06
3.715251938467383385e+06
3.737186095398438163e+06
3.759177243312295526e+06
3.781225677896342240e+06
3.803331690387032460e+06
3.825495589461574797e+06
3.847717644032916520e+06
3.869998125868232921e+06
3.892337309068758972e+06
3.914735463618910406e+06
3.937192855438050814e+06
3.959709762345177121e+06
3.982286450164970476e+06
4.004923151125959586e+06
4.027620115491759963e+06
4.050377589766709600e+06
4.073195830519771669e+06
4.096075097309943754e+06
4.119015593327785376e+06
4.142017550466905348e+06
4.165081197089194786e+06
4.188206806554999202e+06
4.211394560373480432e+06
4.234644670103880577e+06
4.257957350409541279e+06
4.281332870806226507e+06
4.304771387395599857e+06
4.328273100994861685e+06
4.351838235645506531e+06
4.375467014689063653e+06
4.399159588386219926e+06
4.422916148984154686e+06
4.446736959718113765e+06
4.470622136139639653e+06
4.494571860226606019e+06
4.518586380863210186e+06
4.542665821156066842e+06
4.566810343252362683e+06
4.591020195143096149e+06
4.615295481559925713e+06
4.639636363303049468e+06
4.664043085722538643e+06
4.688515724025928415e+06
4.713054470167897642e+06
4.737659508968157694e+06
4.762330930710542947e+06
4.787068962650442496e+06
4.811873701147717424e+06
4.836745292673038319e+06
4.861683933885682374e+06
4.886689684640718624e+06
4.911762774783660658e+06
4.936903267123552971e+06
4.962111329486391507e+06
4.987387099017634988e+06
5.012730664192879573e+06
5.038142226988473907e+06
5.063621811593680643e+06
5.089169659288389608e+06
5.114785773475937545e+06
5.140470366439124569e+06
5.166223478978005238e+06
5.192045281848945655e+06
5.217935843161471188e+06
5.243895302444870584e+06
5.269923744960250333e+06
5.296021289332372136e+06
5.322188027736236341e+06
5.348424068382889032e+06
5.374729499951609410e+06
5.401104430822871625e+06
5.427548935706444085e+06
5.454063133820504881e+06
5.480647075321976095e+06
5.507300901083476841e+06
5.534024625953932293e+06
5.560818423348955810e+06
5.587682262084861286e+06
5.614616359019676223e+06
5.641620654044190422e+06
5.668695334673170000e+06
5.695840392083310522e+06
5.723055945509037934e+06
5.750342054141802713e+06
5.777698756022165529e+06
5.805126189500607550e+06
5.832624315286298282e+06
5.860193317416986451e+06
5.887833151163878851e+06
5.915543927597550675e+06
5.943325706100315787e+06
5.971178480770868249e+06
5.999102426427958533e+06
6.027097468297670595e+06
6.055163730311362073e+06
6.083301247254955582e+06
6.111510007935603149e+06
6.139790187704556622e+06
6.168141699646221474e+06
6.196564639000085182e+06
6.225059070619844832e+06
6.253624955850915052e+06
6.282262429601904936e+06
6.310971461757637560e+06
6.339752060198588297e+06
6.368604374352482148e+06
6.397528312240237370e+06
6.426523939069550484e+06
6.455591338562486693e+06
6.484730445006459020e+06
6.513941341589663178e+06
6.543224061567777768e+06
6.572578558099457994e+06
6.602004924984119833e+06
6.631503160074657761e+06
6.661073227998990566e+06
6.690715225920852274e+06
6.720429131277930923e+06
6.750214912736652419e+06
6.780072663724319078e+06
6.810002355989756063e+06
6.840003955091319978e+06
6.870077543543389067e+06
6.900223101916051470e+06
6.930440585587128997e+06
6.960730059334141202e+06
6.991091526627928019e+06
7.021524925736895762e+06
7.052030296905143186e+06
7.082607680574219674e+06
7.113256990914171562e+06
7.143978237060378306e+06
7.174771510017699562e+06
7.205636693301229738e+06
7.236573778799369931e+06
7.267582860188020393e+06
7.298663844881552272e+06
7.329816700860984623e+06
7.361041477865662426e+06
7.392338160337429494e+06
7.423706672585467808e+06
7.455147014371499419e+06
7.486659259753947146e+06
7.518243283143679611e+06
7.549899064844546840e+06
7.581626671510539949e+06
7.613426030787334777e+06
7.645297083483940922e+06
7.677239835061675869e+06
7.709254325874829665e+06
7.741340435564438812e+06
7.773498137020357884e+06
7.805727493074055761e+06
7.838028417960543185e+06
7.870400847729066387e+06
7.902844774318044074e+06
7.935360245330371894e+06
7.967947125593063422e+06
8.000605381007406861e+06
8.033335053229963407e+06
8.066136080025204457e+06
8.099008374857052229e+06
8.131951900094785728e+06
8.164966744450256228e+06
8.198052741422981955e+06
8.231209850487172604e+06
8.264438078433435410e+06
8.297737416164891794e+06
8.331107740045760758e+06
8.364549006040543318e+06
8.398061264384521171e+06
8.431644410618426278e+06
8.465298362872036174e+06
8.499023083155306056e+06
8.532818637201799080e+06
8.566684853808933869e+06
8.600621683253999799e+06
8.634629129420477897e+06
8.668707167178517208e+06
8.702855665037482977e+06
8.737074570152917877e+06
8.771363929714620113e+06
8.805723625356154516e+06
8.840153566583117470e+06
8.874653707889093086e+06
8.909224111369589344e+06
8.943864592296794057e+06
8.978575092786444351e+06
9.013355613085469231e+06
9.048206118416316807e+06
9.083126467036135495e+06
9.118116598389152437e+06
9.153176562383579090e+06
9.188306220058996230e+06
9.223505476254580542e+06
9.258774288712903857e+06
9.294112699328398332e+06
9.329520518717752770e+06
9.364997681853188202e+06
9.400544203292682767e+06
9.436160007684450597e+06
9.471844958918161690e+06
9.507598989660702646e+06
9.543422177890570834e+06
9.579314318607892841e+06
9.615275335077624768e+06
9.651305219018375501e+06
9.687403935450756922e+06
9.723571319028075784e+06
9.759807298645708710e+06
9.796111941351650283e+06
9.832485059773504734e+06
9.868926559313565493e+06
9.905436427110869437e+06
9.942014634182324633e+06
9.978661003179360181e+06
1.001537545958472230e+07
1.005215808092549816e+07
1.008900865643897466e+07
1.012592709443082102e+07
1.016291340112592839e+07
1.019996750775734708e+07
1.023708924794104509e+07
1.027427856024824083e+07
1.031153551115519553e+07
1.034885986291572079e+07
1.038625153654756211e+07
1.042371058718715422e+07
1.046123684853511304e+07
1.049883019418719597e+07
1.053649062384026498e+07
1.057421808275673352e+07
1.061201238489188254e+07
1.064987347955072485e+07
1.068780141348324530e+07
1.072579594633387588e+07
1.076385699512487836e+07
1.080198465948977694e+07
1.084017868811064772e+07
1.087843898429081962e+07
1.091676561317134835e+07
1.095515839356933162e+07
1.099361719000277482e+07
1.103214203993370757e+07
1.107073281950437464e+07
1.110938936091698520e+07
1.114811168119744025e+07
1.118689969949755818e+07
1.122575322269842401e+07
1.126467225501502305e+07
1.130365674361491017e+07
1.134270647757557407e+07
1.138182145666904002e+07
1.142100163989706151e+07
1.146024680670814961e+07
1.149955696107236855e+07
1.153893205662940629e+07
1.157837187154068425e+07
1.161787642327146046e+07
1.165744564180297405e+07
1.169707931340006739e+07
1.173677747878664359e+07
1.177654002523226477e+07
1.181636675640600361e+07
1.185625774668971263e+07
1.189621282006781362e+07
1.193623180772404186e+07
1.197631482871553116e+07
1.201646162223865278e+07
1.205667206976185180e+07
1.209694631082762033e+07
1.213728401291763969e+07
1.217768515724890493e+07
1.221814976538510807e+07
1.225867755950558372e+07
1.229926859461294487e+07
1.233992275005911291e+07
1.238063981500740163e+07
1.242141993109290674e+07
1.246226280993826315e+07
1.250316837674159929e+07
1.254413670455911756e+07
1.258516747917527892e+07
1.262626076960320212e+07
1.266741644146513380e+07
1.270863427997354046e+07
1.274991447521514073e+07
1.279125665700616501e+07
1.283266084697073139e+07
1.287412700306138583e+07
1.291565485769152269e+07
1.295724458236501180e+07
1.299889585412177630e+07
1.304060865731798112e+07
1.308238297493136302e+07
1.312421851995148323e+07
1.316611548054242693e+07
1.320807351119508967e+07
1.325009263024710305e+07
1.329217277399735339e+07
1.333431368261586502e+07
1.337651556611248665e+07
1.341877801408359222e+07
1.346110114394118451e+07
1.350348476787532680e+07
1.354592876310790703e+07
1.358843318830696680e+07
1.363099770145242848e+07
1.367362252987201139e+07
1.371630727890931442e+07
1.375905204666399769e+07
1.380185665604269318e+07
1.384472099206029065e+07
1.388764508534862474e+07
1.393062861862677149e+07
1.397367181936454400e+07
1.401677424792460911e+07
1.405993610974943079e+07
1.410315707785500400e+07
1.414643720870539173e+07
1.418977633929472044e+07
1.423317436775028892e+07
1.427663128364284523e+07
1.432014683809800260e+07
1.436372116186190397e+07
1.440735387091453187e+07
1.445104522456126474e+07
1.449479475062806346e+07
1.453860272302950174e+07
1.458246870973625034e+07
1.462639290827074833e+07
1.467037497799906135e+07
1.471441503181120381e+07
1.475851280665369332e+07
1.480266834475841187e+07
1.484688144699787349e+07
1.489115209856610186e+07
1.493548015037964471e+07
1.497986554473083466e+07
1.502430816844085418e+07
1.506880793561547250e+07
1.511336475370166264e+07
1.515797852362252027e+07
1.520264915898559801e+07
1.524737656219792180e+07
1.529216063729996607e+07
1.533700130437911674e+07
1.538189844200322591e+07
1.542685200386983342e+07
1.547186182728162780e+07
1.551692791514667496e+07
1.556205004751595668e+07
1.560722829336285405e+07
1.565246235836021975e+07
1.569775239454474114e+07
1.574309801594290324e+07
1.578849947517443635e+07
1.583395628809670918e+07
1.587946879250371829e+07
1.592503647900265269e+07
1.597065960419068485e+07
1.601633779806406051e+07
1.606207116899322718e+07
1.610785950462056510e+07
1.615370274659338593e+07
1.619960085884208791e+07
1.624555359764902666e+07
1.629156112239002995e+07
1.633762300073994696e+07
1.638373955694287643e+07
1.642991030287009291e+07
1.647613542580646835e+07
1.652241467620678060e+07
1.656874799253422022e+07
1.661513538480327278e+07
1.666157652215166949e+07
1.670807169445804879e+07
1.675462040945030004e+07
1.680122287189349160e+07
1.684787882669675723e+07
1.689458818537860736e+07
1.694135101984263957e+07
1.698816694992146641e+07
1.703503625852202997e+07
1.708195853042820096e+07
1.712893381326552853e+07
1.717596206841415912e+07
1.722304297401344404e+07
1.727017683654144406e+07
1.731736319027619436e+07
1.736460210864399746e+07
1.741189355402672663e+07
1.745923720763828233e+07
1.750663334129629657e+07
1.755408155436060578e+07
1.760158182959015667e+07
1.764913424710133672e+07
1.769673843350168318e+07
1.774439456536748260e+07
1.779210242684080824e+07
1.783986179453783855e+07
1.788767297292678058e+07
1.793553548836844787e+07
1.798344935438613594e+07
1.803141466561679542e+07
1.807943104777151346e+07
1.812749861178606376e+07
1.817561726551974192e+07
1.822378673024128750e+07
1.827200718884170055e+07
1.832027840295906737e+07
1.836860016902647540e+07
1.841697272092683241e+07
1.846539571592534706e+07
1.851386900506832451e+07
1.856239285132276639e+07
1.861096685046738014e+07
1.865959088744662330e+07
1.870826523143475503e+07
1.875698946154054999e+07
1.880576347392161563e+07
1.885458752220065892e+07
1.890346121321611851e+07
1.895238443185524642e+07
1.900135739342501014e+07
1.905037977827898413e+07
1.909945143704545870e+07
1.914857252310885489e+07
1.919774283760468662e+07
1.924696217356714606e+07
1.929623059784297273e+07
1.934554808077198640e+07
1.939491433386439830e+07
1.944432931248963997e+07
1.949379320587452874e+07
1.954330561939527094e+07
1.959286647034668550e+07
1.964247592088070139e+07
1.969213374138013273e+07
1.974183975083394349e+07
1.979159394319066033e+07
1.984139642044256255e+07
1.989124683904396743e+07
1.994114511697002873e+07
1.999109138515652716e+07
2.004108546640410647e+07
2.009112716114829108e+07
2.014121638775525242e+07
2.019135337362833694e+07
2.024153774328189343e+07
2.029176939998847991e+07
2.034204831029409170e+07
2.039237461625783890e+07
2.044274796600270644e+07
2.049316827929723263e+07
2.054363554318258911e+07
2.059414985190976039e+07
2.064471088234293833e+07
2.069531855449610576e+07
2.074597283281702176e+07
2.079667385040216893e+07
2.084742126932093874e+07
2.089821501010665298e+07
2.094905499315480888e+07
2.099994140978191793e+07
2.105087393274932355e+07
2.110185245953788608e+07
2.115287691189996153e+07
2.120394735880599916e+07
2.125506370920214802e+07
2.130622574838933721e+07
2.135743339758060127e+07
2.140868657889203355e+07
2.145998546823970601e+07
2.151132975365435332e+07
2.156271933593187109e+07
2.161415413776159659e+07
2.166563410918269679e+07
2.171715938199655712e+07
2.176872964056744799e+07
2.182034480846278742e+07
2.187200480833395943e+07
2.192370956924230605e+07
2.197545925592853874e+07
2.202725354281357303e+07
2.207909235396185517e+07
2.213097561265809089e+07
2.218290324327482283e+07
2.223487532275597751e+07
2.228689170882710814e+07
2.233895223699465394e+07
2.239105683208824694e+07
2.244320541884077340e+07
2.249539792133570090e+07
2.254763446577570215e+07
2.259991480085552111e+07
2.265223882489258051e+07
2.270460646312411875e+07
2.275701764079467952e+07
2.280947228329710290e+07
2.286197046108534560e+07
2.291451202169843018e+07
2.296709682235718891e+07
2.301972478900131211e+07
2.307239584736879915e+07
2.312510992438577116e+07
2.317786694608426839e+07
2.323066701621017233e+07
2.328350990144054964e+07
2.333639550890273973e+07
2.338932376618576422e+07
2.344229459957439080e+07
2.349530793655267730e+07
2.354836370473747328e+07
2.360146189621202275e+07
2.365460248451173306e+07
2.370778528437974676e+07
2.376101022282432392e+07
2.381427722808216512e+07
2.386758622813553363e+07
2.392093715111296996e+07
2.397432992527845874e+07
2.402776447903371230e+07
2.408124085687674582e+07
2.413475890880465508e+07
2.418831852398939058e+07
2.424191963091983646e+07
2.429556215945851803e+07
2.434924603844934329e+07
2.440297119678251818e+07
2.445673756457411125e+07
2.451054507104326785e+07
2.456439364552029967e+07
2.461828326902930439e+07
2.467221389567780122e+07
2.472618537838447839e+07
2.478019764628329501e+07
2.483425063016540930e+07
2.488834426080396026e+07
2.494247846777312085e+07
2.499665318228214234e+07
2.505086833528345078e+07
2.510512385702788457e+07
2.515941967872076482e+07
2.521375573168819398e+07
2.526813194698343426e+07
2.532254825618930161e+07
2.537700463875023276e+07
2.543150101704543456e+07
2.548603728126073256e+07
2.554061336346444488e+07
2.559522919552432001e+07
2.564988470907903835e+07
2.570457983736163378e+07
2.575931451207317039e+07
2.581408866580032557e+07
2.586890223064519092e+07
2.592375514005329087e+07
2.597864732603584230e+07
2.603357872242578119e+07
2.608854926169691235e+07
2.614355887651881576e+07
2.619860750073572621e+07
2.625369506813748926e+07
2.630882151123581454e+07
2.636398676456408575e+07
2.641919076100930572e+07
2.647443343488801271e+07
2.652971472014799714e+07
2.658503455134939030e+07
2.664039286174045876e+07
2.669578958614252880e+07
2.675122465905907378e+07
2.680669801506324112e+07
2.686220958882647008e+07
2.691775931513214484e+07
2.697334712887471169e+07
2.702897296505913511e+07
2.708463675880037621e+07
2.714033844532302395e+07
2.719607795996109396e+07
2.725185523764899373e+07
2.730767021495499462e+07
2.736352282703553140e+07
2.741941300966369361e+07
2.747534069820499048e+07
2.753130582968887314e+07
2.758730833970762417e+07
2.764334816395707801e+07
2.769942523982192576e+07
2.775553950270133838e+07
2.781169089019523188e+07
2.786787933786905184e+07
2.792410478357489407e+07
2.798036716314699873e+07
2.803666641415019333e+07
2.809300247428166866e+07
2.814937527969127893e+07
2.820578476814574003e+07
2.826223087764770538e+07
2.831871354468098655e+07
2.837523270749929547e+07
2.843178830373151600e+07
2.848838027117142454e+07
2.854500854785506427e+07
2.860167307190597057e+07
2.865837378127262369e+07
2.871511063846380636e+07
2.877188363473900035e+07
2.882869263497646526e+07
2.888553757777011395e+07
2.894241840198285878e+07
2.899933504614263028e+07
2.905628744924400374e+07
2.911327555038412660e+07
2.917029928780011833e+07
2.922735860215958208e+07
2.928445343192560598e+07
2.934158371663808823e+07
2.939874939521620050e+07
2.945595040834723413e+07
2.951318669536839053e+07
2.957045833162848651e+07
2.962776513853504509e+07
2.968510704196719080e+07
2.974248398359012976e+07
2.979989590208639205e+07
2.985734273928912729e+07
2.991482443413074687e+07
2.997234092789132148e+07
3.002989216176040098e+07
3.008747807505780831e+07
3.014509862570532784e+07
3.020275391011700407e+07
3.026044370073631778e+07
3.031816793910961598e+07
3.037592656635504216e+07
3.043371952399388328e+07
3.049154675379138440e+07
3.054940819601255283e+07
3.060730379299205542e+07
3.066523348617515713e+07
3.072319743568112701e+07
3.078119537089079246e+07
3.083922723193816468e+07
3.089729296081151068e+07
3.095539249988939613e+07
3.101352579134641960e+07
3.107169277742611989e+07
3.112989340056867152e+07
3.118812784741597995e+07
3.124639582584813237e+07
3.130469727338013053e+07
3.136303213277259469e+07
3.142140034631828591e+07
3.147980185844859853e+07
3.153823661150093749e+07
3.159670474982921407e+07
3.165520609317700937e+07
3.171374051132209599e+07
3.177230794703193381e+07
3.183090834529128298e+07
3.188954164826374128e+07
3.194820781833584234e+07
3.200690706437033415e+07
3.206563905214851722e+07
3.212440372418883815e+07
3.218320102600096911e+07
3.224203090027034283e+07
3.230089329269652814e+07
3.235978841612523794e+07
3.241871600364427641e+07
3.247767594616694003e+07
3.253666818903795630e+07
3.259569267544827983e+07
3.265474935091560706e+07
3.271383849866906926e+07
3.277295973861041293e+07
3.283211300611748546e+07
3.289129824707997963e+07
3.295051540671115741e+07
3.300976458638652414e+07
3.306904578917413577e+07
3.312835875123056024e+07
3.318770341810453683e+07
3.324707973542735726e+07
3.330648770139664039e+07
3.336592754590323940e+07
3.342539888278416172e+07
3.348490165799959004e+07
3.354443581750413775e+07
3.360400133637728542e+07
3.366359851143220067e+07
3.372322691398746520e+07
3.378288648963624239e+07
3.384257718648506701e+07
3.390229903702999651e+07
3.396205224229996651e+07
3.402183641147571057e+07
3.408165149304417521e+07
3.414149743310706317e+07
3.420137440521192551e+07
3.426128235101398826e+07
3.432122100094259530e+07
3.438119030146136880e+07
3.444119020128730685e+07
3.450122109857860208e+07
3.456128250610735267e+07
3.462137435848239064e+07
3.468149660468515754e+07
3.474164946938903630e+07
3.480183282943714410e+07
3.486204642966267467e+07
3.492229021974632144e+07
3.498256430091292411e+07
3.504286881253831834e+07
3.510320336299520731e+07
3.516356789904209971e+07
3.522396245100580901e+07
3.528438732137839496e+07
3.534484202717961371e+07
3.540532651737976819e+07
3.546584080092325062e+07
3.552638523965461552e+07
3.558695931292423606e+07
3.564756297065018862e+07
3.570819625156405568e+07
3.576885947338574380e+07
3.582955213098327816e+07
3.589027417392494529e+07
3.595102572435922176e+07
3.601180695044058561e+07
3.607261741523481905e+07
3.613345706630968302e+07
3.619432616384529322e+07
3.625522461890776455e+07
3.631615211580850929e+07
3.637710860318309069e+07
3.643809453090741485e+07
3.649910944760553539e+07
3.656015320929510891e+07
3.662122590030599385e+07
3.668232781288115680e+07
3.674345842603904009e+07
3.680461768848088384e+07
3.686580597000183910e+07
3.692702301329369843e+07
3.698826856338759512e+07
3.704954268527061492e+07
3.711084574000532925e+07
3.717217715847134590e+07
3.723353688985957205e+07
3.729492538013108075e+07
3.735634225059939921e+07
3.741778729157488793e+07
3.747926071378752589e+07
3.754076262199357152e+07
3.760229255901128799e+07
3.766385052737431973e+07
3.772543706007441878e+07
3.778705148251309991e+07
3.784869374445986748e+07
3.791036436144539714e+07
3.797206285760451853e+07
3.803378905500125140e+07
3.809554332476206124e+07
3.815732548908440024e+07
3.821913521273299307e+07
3.828097275786425918e+07
3.834283818366622925e+07
3.840473102955775708e+07
3.846665147375863791e+07
3.852859975715833157e+07
3.859057532240834087e+07
3.865257829173144698e+07
3.871460902964837849e+07
3.877666691395472735e+07
3.883875203687798232e+07
3.890086483076174557e+07
3.896300463255558163e+07
3.902517153914725780e+07
3.908736599215687811e+07
3.914958731562397629e+07
3.921183563859961182e+07
3.927411135235249996e+07
3.933641380162420869e+07
3.939874317539669573e+07
3.946109975694250315e+07
3.952348293871585280e+07
3.958589299996320903e+07
3.964833005671634525e+07
3.971079357882256806e+07
3.977328396588268131e+07
3.983580110711333901e+07
3.989834457956536114e+07
3.996091493323648721e+07
4.002351177018924057e+07
4.008613480465286970e+07
4.014878476734972000e+07
4.021146091276869178e+07
4.027416324808199704e+07
4.033689233758066595e+07
4.039964740603490174e+07
4.046242876020119339e+07
4.052523652240875363e+07
4.058807013026355952e+07
4.065092992499268055e+07
4.071381592837622762e+07
4.077672797572593391e+07
4.083966602703170478e+07
4.090263004110568762e+07
4.096561998438800871e+07
4.102863581402956694e+07
4.109167748547545820e+07
4.115474496118624508e+07
4.121783820003063232e+07
4.128095716086874157e+07
4.134410180621587485e+07
4.140727209374046326e+07
4.147046798599163443e+07
4.153368944064074755e+07
4.159693642026199400e+07
4.166020888375835121e+07
4.172350679001918435e+07
4.178683010165636986e+07
4.185017878285979480e+07
4.191355279122974724e+07
4.197695208659558743e+07
4.204037662661128491e+07
4.210382637394852191e+07
4.216730129668837786e+07
4.223080135155765712e+07
4.229432649274380505e+07
4.235787668616216630e+07
4.242145190289216489e+07
4.248505208764959127e+07
4.254867721047796309e+07
4.261232723788338900e+07
4.267600211494372785e+07
4.273970182594683021e+07
4.280342631094029546e+07
4.286717554940138012e+07
4.293094948800919205e+07
4.299474810154798627e+07
4.305857133933410794e+07
4.312241918023077399e+07
4.318629156450107694e+07
4.325018847813748568e+07
4.331410986505697668e+07
4.337805569290181994e+07
4.344202593230716139e+07
4.350602053370922804e+07
4.357003946306164563e+07
4.363408269262156636e+07
4.369815017263085395e+07
4.376224186681466550e+07
4.382635774549371004e+07
4.389049777219850570e+07
4.395466190309289843e+07
4.401885010193041712e+07
4.408306233273454010e+07
4.414729855940306187e+07
4.421155874948471785e+07
4.427584286405021697e+07
4.434015086471130699e+07
4.440448271495135874e+07
4.446883837830267102e+07
4.453321781897703558e+07
4.459762099946456403e+07
4.466204788576988876e+07
4.472649844070857763e+07
4.479097262838254124e+07
4.485547041189003736e+07
4.491999175542657077e+07
4.498453662506391853e+07
4.504910498677626252e+07
4.511369680264880508e+07
4.517831203536448628e+07
4.524295064797801524e+07
4.530761260347919166e+07
4.537229787331894040e+07
4.543700642515250295e+07
4.550173821426702291e+07
4.556649320235615224e+07
4.563127136481678486e+07
4.569607266773266345e+07
4.576089706209860742e+07
4.582574452278102189e+07
4.589061502102600783e+07
4.595550850375460833e+07
4.602042495490301400e+07
4.608536433041625470e+07
4.615032659020046890e+07
4.621531171749319136e+07
4.628031965208644420e+07
4.634535039162015170e+07
4.641040386603027582e+07
4.647548007807904482e+07
4.654057895895788819e+07
4.660570050226483494e+07
4.667084465329898894e+07
4.673601138965997845e+07
4.680120067452916503e+07
4.686641246581091732e+07
4.693164675129850209e+07
4.699690347645969689e+07
4.706218260768879205e+07
4.712748413248413801e+07
4.719280799449857324e+07
4.725815416479917616e+07
4.732352261999350041e+07
4.738891332146109641e+07
4.745432623199005425e+07
4.751976131660193205e+07
4.758521854752882570e+07
4.765069789964658022e+07
4.771619932632509619e+07
4.778172279776897281e+07
4.784726828195438534e+07
4.791283574434413016e+07
4.797842515301636606e+07
4.804403647639454156e+07
4.810966968424499035e+07
4.817532474213624001e+07
4.824100161609814316e+07
4.830670027291862667e+07
4.837242068284137547e+07
4.843816280903477967e+07
4.850392662167477608e+07
4.856971208777955174e+07
4.863551917916174978e+07
4.870134786147856712e+07
4.876719810240084678e+07
4.883306986723207682e+07
4.889896312460173666e+07
4.896487784191592038e+07
4.903081398753465712e+07
4.909677152802248299e+07
4.916275044297402352e+07
4.922875069339251518e+07
4.929477224265251309e+07
4.936081505936045945e+07
4.942687911540804058e+07
4.949296438925852627e+07
4.955907083459042013e+07
4.962519841821719706e+07
4.969134712555497885e+07
4.975751691527467221e+07
4.982370774726182222e+07
4.988991960972599685e+07
4.995615245966900885e+07
5.002240625772940367e+07
5.008868100030973554e+07
5.015497662631953508e+07
5.022129312552873045e+07
5.028763045609676093e+07
5.035398858984910697e+07
5.042036750151198357e+07
5.048676714979738742e+07
5.055318751540767401e+07
5.061962855929405987e+07
5.068609025835560262e+07
5.075257257722800225e+07
5.081907548328287899e+07
5.088559895861689746e+07
5.095214294806195050e+07
5.101870745628159493e+07
5.108529242547970265e+07
5.115189783096534014e+07
5.121852365807905793e+07
5.128516985346908122e+07
5.135183639950306714e+07
5.141852327722875029e+07
5.148523043575718254e+07
5.155195785004018992e+07
5.161870550803618878e+07
5.168547336631183326e+07
5.175226138951987028e+07
5.181906955244778097e+07
5.188589783432298899e+07
5.195274620276741683e+07
5.201961462412218004e+07
5.208650306765366346e+07
5.215341150267657638e+07
5.222033990474817902e+07
5.228728824455434829e+07
5.235425650038186461e+07
5.242124463396227360e+07
5.248825261460843682e+07
5.255528041766191274e+07
5.262232801096377522e+07
5.268939536955942959e+07
5.275648246087832749e+07
5.282358926001191139e+07
5.289071573440368474e+07
5.295786185940065980e+07
5.302502760472491384e+07
5.309221293972468376e+07
5.315941783957142383e+07
5.322664227168669552e+07
5.329388620932791382e+07
5.336114962577252835e+07
5.342843248980449140e+07
5.349573478607115895e+07
5.356305647291851789e+07
5.363039752561029047e+07
5.369775791153956205e+07
5.376513760599897802e+07
5.383253657636950910e+07
5.389995481082687527e+07
5.396739227367108315e+07
5.403484892793872207e+07
5.410232474708985537e+07
5.416981971374496073e+07
5.423733380254802108e+07
5.430486697162219882e+07
5.437241919431802630e+07
5.443999046165329963e+07
5.450758073074610531e+07
5.457518996886195987e+07
5.464281816666698456e+07
5.471046528593321145e+07
5.477813128960880637e+07
5.484581617932589352e+07
5.491351989894791692e+07
5.498124243126574904e+07
5.504898376178392023e+07
5.511674383226013184e+07
5.518452266024898738e+07
5.525232017400066555e+07
5.532013638474944234e+07
5.538797123271314055e+07
5.545582471743547916e+07
5.552369679028188437e+07
5.559158744673021883e+07
5.565949663511422276e+07
5.572742436110702157e+07
5.579537055677665025e+07
5.586333524272004515e+07
5.593131835059523582e+07
5.599931988003098220e+07
5.606733979589778185e+07
5.613537805937589705e+07
5.620343467903606594e+07
5.627150959486662596e+07
5.633960278847407550e+07
5.640771425087986887e+07
5.647584393152259290e+07
5.654399181314231455e+07
5.661215788747766614e+07
5.668034210431633890e+07
5.674854443879273534e+07
5.681676488728048652e+07
5.688500340964366496e+07
5.695325997398164868e+07
5.702153455546022207e+07
5.708982714393248409e+07
5.715813770755506307e+07
5.722646621263032407e+07
5.729481263433463126e+07
5.736317694785558432e+07
5.743155913331305981e+07
5.749995917229997367e+07
5.756837702752859145e+07
5.763681267421176285e+07
5.770526608757062256e+07
5.777373724283466488e+07
5.784222611524160951e+07
5.791073267778144032e+07
5.797925691021559387e+07
5.804779878555639833e+07
5.811635827913987637e+07
5.818493536943510920e+07
5.825353002689088881e+07
5.832214222676615417e+07
5.839077194432637841e+07
5.845941915255048871e+07
5.852808383129790425e+07
5.859676595361308753e+07
5.866546549987559766e+07
5.873418244143593311e+07
5.880291675094195455e+07
5.887166840828561038e+07
5.894043738645049930e+07
5.900922366073673218e+07
5.907802720645231754e+07
5.914684799657411873e+07
5.921568601109074056e+07
5.928454122257144004e+07
5.935341361777631193e+07
5.942230316589643061e+07
5.949120984039979428e+07
5.956013361426676810e+07
5.962907446283826232e+07
5.969803236287129670e+07
5.976700731226091832e+07
5.983599926291087270e+07
5.990500818776866049e+07
5.997403406695678085e+07
6.004307690189268440e+07
6.011213664160082489e+07
6.018121326216331124e+07
6.025030674652860314e+07
6.031941708483181894e+07
6.038854423151817173e+07
6.045768816253180802e+07
6.052684888529007137e+07
6.059602634281107038e+07
6.066522051561263949e+07
6.073443140716145188e+07
6.080365896113567799e+07
6.087290317083004862e+07
6.094216401841048151e+07
6.101144144984354079e+07
6.108073549754603207e+07
6.115004608430589736e+07
6.121937321652202308e+07
6.128871686085552722e+07
6.135807699124309421e+07
6.142745360078102350e+07
6.149684664098634571e+07
6.156625612049701810e+07
6.163568198103012890e+07
6.170512423786861449e+07
6.177458283103656024e+07
6.184405777027014643e+07
6.191354900618728250e+07
6.198305653489752859e+07
6.205258032620058209e+07
6.212212034947314113e+07
6.219167660623104870e+07
6.226124903893678635e+07
6.233083766600713134e+07
6.240044243245845288e+07
6.247006332064380497e+07
6.253970033122620732e+07
6.260935340946563333e+07
6.267902255670088530e+07
6.274870774920061231e+07
6.281840894118695706e+07
6.288812614060492814e+07
6.295785931704398990e+07
6.302760842927698791e+07
6.309737347641942650e+07
6.316715443889871240e+07
6.323695127553156763e+07
6.330676396785027534e+07
6.337659251623234898e+07
6.344643688190845400e+07
6.351629703979787976e+07
6.358617296208653599e+07
6.365606464982852340e+07
6.372597207767159492e+07
6.379589520619086921e+07
6.386583401748201251e+07
6.393578849454149604e+07
6.400575862199788541e+07
6.407574438000197709e+07
6.414574573723169416e+07
6.421576267422364652e+07
6.428579516455296427e+07
6.435584319148740172e+07
6.442590673552382737e+07
6.449598577465382218e+07
6.456608029744669795e+07
6.463619027060562372e+07
6.470631567346221954e+07
6.477645648931120336e+07
6.484661268993259221e+07
6.491678425791297108e+07
6.498697117350659519e+07
6.505717341651094705e+07
6.512739096195408702e+07
6.519762379206432402e+07
6.526787188425486535e+07
6.533813521960072219e+07
6.540841377615980804e+07
6.547870753544241935e+07
6.554901647282607853e+07
6.561934056803108007e+07
6.568967980139256269e+07
6.576003415258772671e+07
6.583040359889955074e+07
6.590078812166106701e+07
6.597118770109953731e+07
6.604160231113180518e+07
6.611203193495073169e+07
6.618247656562755257e+07
6.625293616972995549e+07
6.632341072484828532e+07
6.639390021029981971e+07
6.646440460654809326e+07
6.653492389040118456e+07
6.660545804339563102e+07
6.667600705879634619e+07
6.674657091439834237e+07
6.681714957457946986e+07
6.688774301949433982e+07
6.695835123067124188e+07
6.702897419634710252e+07
6.709961190843269229e+07
6.717026432377564907e+07
6.724093142162998021e+07
6.731161318298920989e+07
6.738230962299229205e+07
6.745302068583416939e+07
6.752374634784583747e+07
6.759448660158289969e+07
6.766524144753940403e+07
6.773601083312581480e+07
6.780679473706468940e+07
6.787759318034863472e+07
6.794840610956510901e+07
6.801923349449697137e+07
6.809007535726910830e+07
6.816093164855892956e+07
6.823180233383652568e+07
6.830268744564984739e+07
6.837358692171379924e+07
6.844450074043457210e+07
6.851542892618840933e+07
6.858637140493401885e+07
6.865732819608980417e+07
6.872829926646842062e+07
6.879928458030852675e+07
6.887028416421547532e+07
6.894129793921716511e+07
6.901232594401630759e+07
6.908336811357998848e+07
6.915442446077787876e+07
6.922549494681972265e+07
6.929657956038896739e+07
6.936767828478927910e+07
6.943879109175203741e+07
6.950991797330884635e+07
6.958105890070861578e+07
6.965221386734879017e+07
6.972338284226313233e+07
6.979456581274081767e+07
6.986576276225285232e+07
6.993697365526218712e+07
7.000819850645223260e+07
7.007943724991515279e+07
7.015068992987547815e+07
7.022195646057434380e+07
7.029323687515205145e+07
7.036453112698976696e+07
7.043583919727368653e+07
7.050716109740850329e+07
7.057849675660932064e+07
7.064984621431228518e+07
7.072120941653606296e+07
7.079258633263792098e+07
7.086397699893292785e+07
7.093538134585817158e+07
7.100679935876503587e+07
7.107823106474009156e+07
7.114967639055943489e+07
7.122113533034247160e+07
7.129260791122694314e+07
7.136409405967468023e+07
7.143559376712074876e+07
7.150710704881960154e+07
7.157863386462523043e+07
7.165017417818285525e+07
7.172172798709209263e+07
7.179329530475062132e+07
7.186487606964163482e+07
7.193647027179130912e+07
7.200807789172551036e+07
7.207969894819535315e+07
7.215133338765121996e+07
7.222298119286395609e+07
7.229464234156104922e+07
7.236631683852075040e+07
7.243800466709546745e+07
7.250970579283291101e+07
7.258142019863693416e+07
7.265314786132495105e+07
7.272488877263815701e+07
7.279664293380361795e+07
7.286841030674344301e+07
7.294019087706670165e+07
7.301198461820457876e+07
7.308379152238252759e+07
7.315561156835187972e+07
7.322744473475854099e+07
7.329929101465865970e+07
7.337115039858126640e+07
7.344302285957536101e+07
7.351490837341469526e+07
7.358680692826417089e+07
7.365871850347682834e+07
7.373064308610995114e+07
7.380258065724784136e+07
7.387453119725713134e+07
7.394649469350720942e+07
7.401847112536816299e+07
7.409046048100909591e+07
7.416246273600508273e+07
7.423447788276988268e+07
7.430650589491316676e+07
7.437854676373194158e+07
7.445060046619772911e+07
7.452266698972871900e+07
7.459474631334543228e+07
7.466683842598727345e+07
7.473894330227105319e+07
7.481106093510743976e+07
7.488319129882928729e+07
7.495533438272361457e+07
7.502749016556869447e+07
7.509965863156372309e+07
7.517183976749290526e+07
7.524403355143930018e+07
7.531623997094754875e+07
7.538845900315792859e+07
7.546069065432620049e+07
7.553293488994683325e+07
7.560519169613395631e+07
7.567746104982382059e+07
7.574974293527187407e+07
7.582203734055905044e+07
7.589434424249891937e+07
7.596666362893868983e+07
7.603899550272667408e+07
7.611133983337049186e+07
7.618369659931075573e+07
7.625606577736814320e+07
7.632844735911822319e+07
7.640084131848159432e+07
7.647324768112225831e+07
7.654566639922352135e+07
7.661809744586046040e+07
7.669054080689997971e+07
7.676299647736635804e+07
7.683546446713232994e+07
7.690794472159756720e+07
7.698043722993128002e+07
7.705294196727783978e+07
7.712545896515189111e+07
7.719798817283879220e+07
7.727052956060503423e+07
7.734308311648942530e+07
7.741564887930081785e+07
7.748822677307502925e+07
7.756081678296858072e+07
7.763341892855435610e+07
7.770603318381343782e+07
7.777865950637967885e+07
7.785129789990122616e+07
7.792394837210167944e+07
7.799661086269627512e+07
7.806928536805358529e+07
7.814197191737791896e+07
7.821467043120111525e+07
7.828738091934800148e+07
7.836010339880555868e+07
7.843283779132346809e+07
7.850558412953589857e+07
7.857834239060278237e+07
7.865111252259659767e+07
7.872389457815870643e+07
7.879668847936393321e+07
7.886949423117791116e+07
7.894231184118844569e+07
7.901514124088935554e+07
7.908798249228307605e+07
7.916083550425919890e+07
7.923370030527257919e+07
7.930657687296944857e+07
7.937946516912405193e+07
7.945236522438314557e+07
7.952527695592007041e+07
7.959820043859800696e+07
7.967113556407122314e+07
7.974408240434448421e+07
7.981704085812868178e+07
7.989001099036113918e+07
7.996299271614360809e+07
8.003598608547763526e+07
8.010899102287104726e+07
8.018200756981846690e+07
8.025503565020632744e+07
8.032807532065008581e+07
8.040112648463334143e+07
8.047418921860557795e+07
8.054726341145378351e+07
8.062034915141646564e+07
8.069344632560271025e+07
8.076655498993526399e+07
8.083967508705723286e+07
8.091280661919721961e+07
8.098594958466480672e+07
8.105910392093099654e+07
8.113226969512200356e+07
8.120544680965928733e+07
8.127863530578212440e+07
8.135183514327733219e+07
8.142504628837341070e+07
8.149826879369938374e+07
8.157150256813234091e+07
8.164474764510290325e+07
8.171800400523088872e+07
8.179127159259356558e+07
8.186455046322274208e+07
8.193784055198414624e+07
8.201114182893085480e+07
8.208445436380869150e+07
8.215777805730631948e+07
8.223111289745335281e+07
8.230445895039710402e+07
8.237781612508016825e+07
8.245118440709607303e+07
8.252456384657575190e+07
8.259795437651474774e+07
8.267135597378924489e+07
8.274476866318963468e+07
8.281819242671208084e+07
8.289162721700787544e+07
8.296507302063463628e+07
8.303852988939528167e+07
8.311199774719241261e+07
8.318547657933898270e+07
8.325896638206051290e+07
8.333246718422080576e+07
8.340597891946309805e+07
8.347950157494950294e+07
8.355303513890089095e+07
8.362657965382720530e+07
8.370013505029781163e+07
8.377370131421709061e+07
8.384727843228982389e+07
8.392086640990692377e+07
8.399446524878692627e+07
8.406807490281492472e+07
8.414169535872422159e+07
8.421532660326445103e+07
8.428896862715549767e+07
8.436262145325455070e+07
8.443628502386964858e+07
8.450995933496063948e+07
8.458364436919516325e+07
8.465734011337563396e+07
8.473104655431871116e+07
8.480476370792585611e+07
8.487849153799997270e+07
8.495223002497513592e+07
8.502597915645302832e+07
8.509973891928002238e+07
8.517350930031524599e+07
8.524729028643012047e+07
8.532108186031699181e+07
8.539488403116258979e+07
8.546869677878506482e+07
8.554252007906407118e+07
8.561635391903521121e+07
8.569019828560221195e+07
8.576405316567918658e+07
8.583791854619064927e+07
8.591179441407106817e+07
8.598568075202360749e+07
8.605957755558668077e+07
8.613348480836248398e+07
8.620740249748519063e+07
8.628133060990543664e+07
8.635526913258232176e+07
8.642921805248332024e+07
8.650317735230448842e+07
8.657714702757927775e+07
8.665112706102760136e+07
8.672511743976433575e+07
8.679911815151575208e+07
8.687312918339417875e+07
8.694715051807789505e+07
8.702118215117889643e+07
8.709522406539714336e+07
8.716927624774158001e+07
8.724333868522694707e+07
8.731741136053532362e+07
8.739149426935860515e+07
8.746558739446599782e+07
8.753969072345313430e+07
8.761380424346426129e+07
8.768792793715196848e+07
8.776206180026024580e+07
8.783620581545974314e+07
8.791035996978077292e+07
8.798452425025722384e+07
8.805869863953144848e+07
8.813288313342326880e+07
8.820707771459119022e+07
8.828128237008099258e+07
8.835549711034415662e+07
8.842972190570376813e+07
8.850395673850543797e+07
8.857820159578429163e+07
8.865245646013981104e+07
8.872672132747182250e+07
8.880099618039254844e+07
8.887528100594060123e+07
8.894957580591084063e+07
8.902388057853682339e+07
8.909819528640243411e+07
8.917251991655160487e+07
8.924685445154453814e+07
8.932119888737893105e+07
8.939555320662702620e+07
8.946991743920829892e+07
8.954429153767022491e+07
8.961867548248986900e+07
8.969306926069116592e+07
8.976747285477413237e+07
8.984188628600509465e+07
8.991630954440745711e+07
8.999074258128800988e+07
9.006518539272758365e+07
9.013963796121846139e+07
9.021410030604928732e+07
9.028857241490647197e+07
9.036305424342946708e+07
9.043754577406036854e+07
9.051204701447868347e+07
9.058655799508744478e+07
9.066107864039863646e+07
9.073560894656963646e+07
9.081014890363848209e+07
9.088469855571728945e+07
9.095925783127261698e+07
9.103382671272189915e+07
9.110840520781807601e+07
9.118299334506182373e+07
9.125759105084724724e+07
9.133219830750101805e+07
9.140681517618736625e+07
9.148144159832097590e+07
9.155607753383141756e+07
9.163072301235200465e+07
9.170537803817243874e+07
9.178004254918603599e+07
9.185471654135712981e+07
9.192940006749789417e+07
9.200409304134251177e+07
9.207879544639553130e+07
9.215350736951543391e+07
9.222822869813889265e+07
9.230295942475594580e+07
9.237769963212865591e+07
9.245244920272965729e+07
9.252720815972810984e+07
9.260197654325728118e+07
9.267675425240460038e+07
9.275154133926969767e+07
9.282633778606627882e+07
9.290114353033111989e+07
9.297595865131489933e+07
9.305078305790530145e+07
9.312561675138764083e+07
9.320045977897490561e+07
9.327531204187880456e+07
9.335017360631029308e+07
9.342504441960488260e+07
9.349992445271198452e+07
9.357481377030973136e+07
9.364971225619155169e+07
9.372462000681889057e+07
9.379953692634193599e+07
9.387446304198344052e+07
9.394939834904091060e+07
9.402434278867815435e+07
9.409929643715786934e+07
9.417425916209810972e+07
9.424923110358397663e+07
9.432421209919853508e+07
9.439920226123070717e+07
9.447420148138093948e+07
9.454920982302890718e+07
9.462422722156830132e+07
9.469925370192748308e+07
9.477428923270140588e+07
9.484933381089340150e+07
9.492438742773878574e+07
9.499945006291085482e+07
9.507452171965584159e+07
9.514960237098066509e+07
9.522469202144421637e+07
9.529979064812004566e+07
9.537489824609951675e+07
9.545001480723188818e+07
9.552514030629879236e+07
9.560027476097071171e+07
9.567541811484627426e+07
9.575057042227798700e+07
9.582573158468760550e+07
9.590090170412173867e+07
9.597608063379876316e+07
9.605126851449671388e+07
9.612646520117533207e+07
9.620167077634467185e+07
9.627688517436286807e+07
9.635210839769579470e+07
9.642734046638537943e+07
9.650258129156266153e+07
9.657783099027985334e+07
9.665308941323769093e+07
9.672835665406304598e+07
9.680363265230746567e+07
9.687891738085523248e+07
9.695421090879498422e+07
9.702951311359839141e+07
9.710482409565766156e+07
9.718014376997016370e+07
9.725547211975964904e+07
9.733080922785273194e+07
9.740615496512292325e+07
9.748150940022963285e+07
9.755687250656472147e+07
9.763224421902148426e+07
9.770762463497659564e+07
9.778301365693631768e+07
9.785841126339231431e+07
9.793381755438169837e+07
9.800923240441326797e+07
9.808465582443454862e+07
9.816008788406600058e+07
9.823552847987461090e+07
9.831097760846389830e+07
9.838643534822136164e+07
9.846190159559059143e+07
9.853737633703494072e+07
9.861285966877017915e+07
9.868835148019061983e+07
9.876385175198209286e+07
9.883936057142016292e+07
9.891487785968121886e+07
9.899040358044847846e+07
9.906593778759449720e+07
9.914148046044410765e+07
9.921703154305216670e+07
9.929259103234626353e+07
9.936815900615571439e+07
9.944373536118611693e+07
9.951932009376715124e+07
9.959491321832807362e+07
9.967051475876705348e+07
9.974612464905738831e+07
9.982174286981214583e+07
9.989736946265393496e+07
9.997300442397691309e+07
1.000486476879760772e+08
1.001242992502077967e+08
1.001999591369484663e+08
1.002756273597083390e+08
1.003513038476559669e+08
1.004269885972568244e+08
1.005026816086862236e+08
1.005783829358803779e+08
1.006540924972224534e+08
1.007298102892584056e+08
1.008055362923138589e+08
1.008812705278677940e+08
1.009570130096895397e+08
1.010327636845532954e+08
1.011085225329928249e+08
1.011842895516020209e+08
