1.000000000000000000e+03
8.100000000000000000e+04
1.610000000000000000e+05
2.410000000000000000e+05
3.210000000000000000e+05
4.010000000000000000e+05
4.810000000000000000e+05
5.610000000000000000e+05
6.410000000000000000e+05
7.210000000000000000e+05
8.010000000000000000e+05
8.810000000000000000e+05
9.610000000000000000e+05
1.041000000000000000e+06
1.121000000000000000e+06
1.201000000000000000e+06
1.281000000000000000e+06
1.361000000000000000e+06
1.441000000000000000e+06
1.521000000000000000e+06
1.601000000000000000e+06
1.681000000000000000e+06
1.761000000000000000e+06
1.841000000000000000e+06
1.921000000000000000e+06
2.001000000000000000e+06
2.081000000000000000e+06
2.161000000000000000e+06
2.241000000000000000e+06
2.321000000000000000e+06
2.401000000000000000e+06
2.481000000000000000e+06
2.561000000000000000e+06
2.641000000000000000e+06
2.721000000000000000e+06
2.801000000000000000e+06
2.881000000000000000e+06
2.961000000000000000e+06
3.041000000000000000e+06
3.121000000000000000e+06
3.201000000000000000e+06
3.281000000000000000e+06
3.361000000000000000e+06
3.441000000000000000e+06
3.521000000000000000e+06
3.601000000000000000e+06
3.681000000000000000e+06
3.761000000000000000e+06
3.841000000000000000e+06
3.921000000000000000e+06
4.001000000000000000e+06
4.081000000000000000e+06
4.161000000000000000e+06
4.241000000000000000e+06
4.321000000000000000e+06
4.401000000000000000e+06
4.481000000000000000e+06
4.561000000000000000e+06
4.641000000000000000e+06
4.721000000000000000e+06
4.801000000000000000e+06
4.881000000000000000e+06
4.961000000000000000e+06
5.041000000000000000e+06
5.121000000000000000e+06
5.201000000000000000e+06
5.281000000000000000e+06
5.361000000000000000e+06
5.441000000000000000e+06
5.521000000000000000e+06
5.601000000000000000e+06
5.681000000000000000e+06
5.761000000000000000e+06
5.841000000000000000e+06
5.921000000000000000e+06
6.001000000000000000e+06
6.081000000000000000e+06
6.161000000000000000e+06
6.241000000000000000e+06
6.321000000000000000e+06
6.401000000000000000e+06
6.481000000000000000e+06
6.561000000000000000e+06
6.641000000000000000e+06
6.721000000000000000e+06
6.801000000000000000e+06
6.881000000000000000e+06
6.961000000000000000e+06
7.041000000000000000e+06
7.121000000000000000e+06
7.201000000000000000e+06
7.281000000000000000e+06
7.361000000000000000e+06
7.441000000000000000e+06
7.521000000000000000e+06
7.601000000000000000e+06
7.681000000000000000e+06
7.761000000000000000e+06
7.841000000000000000e+06
7.921000000000000000e+06
8.001000000000000000e+06
8.081000000000000000e+06
8.161000000000000000e+06
8.241000000000000000e+06
8.321000000000000000e+06
8.401000000000000000e+06
8.481000000000000000e+06
8.561000000000000000e+06
8.641000000000000000e+06
8.721000000000000000e+06
8.801000000000000000e+06
8.881000000000000000e+06
8.961000000000000000e+06
9.041000000000000000e+06
9.121000000000000000e+06
9.201000000000000000e+06
9.281000000000000000e+06
9.361000000000000000e+06
9.441000000000000000e+06
9.521000000000000000e+06
9.601000000000000000e+06
9.681000000000000000e+06
9.761000000000000000e+06
9.841000000000000000e+06
9.921000000000000000e+06
1.000100000000000000e+07
1.008100000000000000e+07
1.016100000000000000e+07
1.024100000000000000e+07
1.032100000000000000e+07
1.040100000000000000e+07
1.048100000000000000e+07
1.056100000000000000e+07
1.064100000000000000e+07
1.072100000000000000e+07
1.080100000000000000e+07
1.088100000000000000e+07
1.096100000000000000e+07
1.104100000000000000e+07
1.112100000000000000e+07
1.120100000000000000e+07
1.128100000000000000e+07
1.136100000000000000e+07
1.144100000000000000e+07
1.152100000000000000e+07
1.160100000000000000e+07
1.168100000000000000e+07
1.176100000000000000e+07
1.184100000000000000e+07
1.192100000000000000e+07
1.200100000000000000e+07
1.208100000000000000e+07
1.216100000000000000e+07
1.224100000000000000e+07
1.232100000000000000e+07
1.240100000000000000e+07
1.248100000000000000e+07
1.256100000000000000e+07
1.264100000000000000e+07
1.272100000000000000e+07
1.280100000000000000e+07
1.288100000000000000e+07
1.296100000000000000e+07
1.304100000000000000e+07
1.312100000000000000e+07
1.320100000000000000e+07
1.328100000000000000e+07
1.336100000000000000e+07
1.344100000000000000e+07
1.352100000000000000e+07
1.360100000000000000e+07
1.368100000000000000e+07
1.376100000000000000e+07
1.384100000000000000e+07
1.392100000000000000e+07
1.400100000000000000e+07
1.408100000000000000e+07
1.416100000000000000e+07
1.424100000000000000e+07
1.432100000000000000e+07
1.440100000000000000e+07
1.448100000000000000e+07
1.456100000000000000e+07
1.464100000000000000e+07
1.472100000000000000e+07
1.480100000000000000e+07
1.488100000000000000e+07
1.496100000000000000e+07
1.504100000000000000e+07
1.512100000000000000e+07
1.520100000000000000e+07
1.528100000000000000e+07
1.536100000000000000e+07
1.544100000000000000e+07
1.552100000000000000e+07
1.560100000000000000e+07
1.568100000000000000e+07
1.576100000000000000e+07
1.584100000000000000e+07
1.592100000000000000e+07
1.600100000000000000e+07
1.608100000000000000e+07
1.616100000000000000e+07
1.624100000000000000e+07
1.632100000000000000e+07
1.640100000000000000e+07
1.648100000000000000e+07
1.656100000000000000e+07
1.664100000000000000e+07
1.672100000000000000e+07
1.680100000000000000e+07
1.688100000000000000e+07
1.696100000000000000e+07
1.704100000000000000e+07
1.712100000000000000e+07
1.720100000000000000e+07
1.728100000000000000e+07
1.736100000000000000e+07
1.744100000000000000e+07
1.752100000000000000e+07
1.760100000000000000e+07
1.768100000000000000e+07
1.776100000000000000e+07
1.784100000000000000e+07
1.792100000000000000e+07
1.800100000000000000e+07
1.808100000000000000e+07
1.816100000000000000e+07
1.824100000000000000e+07
1.832100000000000000e+07
1.840100000000000000e+07
1.848100000000000000e+07
1.856100000000000000e+07
1.864100000000000000e+07
1.872100000000000000e+07
1.880100000000000000e+07
1.888100000000000000e+07
1.896100000000000000e+07
1.904100000000000000e+07
1.912100000000000000e+07
1.920100000000000000e+07
1.928100000000000000e+07
1.936100000000000000e+07
1.944100000000000000e+07
1.952100000000000000e+07
1.960100000000000000e+07
1.968100000000000000e+07
1.976100000000000000e+07
1.984100000000000000e+07
1.992100000000000000e+07
2.000100000000000000e+07
2.008100000000000000e+07
2.016100000000000000e+07
2.024100000000000000e+07
2.032100000000000000e+07
2.040100000000000000e+07
2.048100000000000000e+07
2.056100000000000000e+07
2.064100000000000000e+07
2.072100000000000000e+07
2.080100000000000000e+07
2.088100000000000000e+07
2.096100000000000000e+07
2.104100000000000000e+07
2.112100000000000000e+07
2.120100000000000000e+07
2.128100000000000000e+07
2.136100000000000000e+07
2.144100000000000000e+07
2.152100000000000000e+07
2.160100000000000000e+07
2.168100000000000000e+07
2.176100000000000000e+07
2.184100000000000000e+07
2.192100000000000000e+07
2.200100000000000000e+07
2.208100000000000000e+07
2.216100000000000000e+07
2.224100000000000000e+07
2.232100000000000000e+07
2.240100000000000000e+07
2.248100000000000000e+07
2.256100000000000000e+07
2.264100000000000000e+07
2.272100000000000000e+07
2.280100000000000000e+07
2.288100000000000000e+07
2.296100000000000000e+07
2.304100000000000000e+07
2.312100000000000000e+07
2.320100000000000000e+07
2.328100000000000000e+07
2.336100000000000000e+07
2.344100000000000000e+07
2.352100000000000000e+07
2.360100000000000000e+07
2.368100000000000000e+07
2.376100000000000000e+07
2.384100000000000000e+07
2.392100000000000000e+07
2.400100000000000000e+07
2.408100000000000000e+07
2.416100000000000000e+07
2.424100000000000000e+07
2.432100000000000000e+07
2.440100000000000000e+07
2.448100000000000000e+07
2.456100000000000000e+07
2.464100000000000000e+07
2.472100000000000000e+07
2.480100000000000000e+07
2.488100000000000000e+07
2.496100000000000000e+07
2.504100000000000000e+07
2.512100000000000000e+07
2.520100000000000000e+07
2.528100000000000000e+07
2.536100000000000000e+07
2.544100000000000000e+07
2.552100000000000000e+07
2.560100000000000000e+07
2.568100000000000000e+07
2.576100000000000000e+07
2.584100000000000000e+07
2.592100000000000000e+07
2.600100000000000000e+07
2.608100000000000000e+07
2.616100000000000000e+07
2.624100000000000000e+07
2.632100000000000000e+07
2.640100000000000000e+07
2.648100000000000000e+07
2.656100000000000000e+07
2.664100000000000000e+07
2.672100000000000000e+07
2.680100000000000000e+07
2.688100000000000000e+07
2.696100000000000000e+07
2.704100000000000000e+07
2.712100000000000000e+07
2.720100000000000000e+07
2.728100000000000000e+07
2.736100000000000000e+07
2.744100000000000000e+07
2.752100000000000000e+07
2.760100000000000000e+07
2.768100000000000000e+07
2.776100000000000000e+07
2.784100000000000000e+07
2.792100000000000000e+07
2.800100000000000000e+07
2.808100000000000000e+07
2.816100000000000000e+07
2.824100000000000000e+07
2.832100000000000000e+07
2.840100000000000000e+07
2.848100000000000000e+07
2.856100000000000000e+07
2.864100000000000000e+07
2.872100000000000000e+07
2.880100000000000000e+07
2.888100000000000000e+07
2.896100000000000000e+07
2.904100000000000000e+07
2.912100000000000000e+07
2.920100000000000000e+07
2.928100000000000000e+07
2.936100000000000000e+07
2.944100000000000000e+07
2.952100000000000000e+07
2.960100000000000000e+07
2.968100000000000000e+07
2.976100000000000000e+07
2.984100000000000000e+07
2.992100000000000000e+07
3.000100000000000000e+07
3.008100000000000000e+07
3.016100000000000000e+07
3.024100000000000000e+07
3.032100000000000000e+07
3.040100000000000000e+07
3.048100000000000000e+07
3.056100000000000000e+07
3.064100000000000000e+07
3.072100000000000000e+07
3.080100000000000000e+07
3.088100000000000000e+07
3.096100000000000000e+07
3.104100000000000000e+07
3.112100000000000000e+07
3.120100000000000000e+07
3.128100000000000000e+07
3.136100000000000000e+07
3.144100000000000000e+07
3.152100000000000000e+07
3.160100000000000000e+07
3.168100000000000000e+07
3.176100000000000000e+07
3.184100000000000000e+07
3.192100000000000000e+07
3.200100000000000000e+07
3.208100000000000000e+07
3.216100000000000000e+07
3.224100000000000000e+07
3.232100000000000000e+07
3.240100000000000000e+07
3.248100000000000000e+07
3.256100000000000000e+07
3.264100000000000000e+07
3.272100000000000000e+07
3.280100000000000000e+07
3.288100000000000000e+07
3.296100000000000000e+07
3.304100000000000000e+07
3.312100000000000000e+07
3.320100000000000000e+07
3.328100000000000000e+07
3.336100000000000000e+07
3.344100000000000000e+07
3.352100000000000000e+07
3.360100000000000000e+07
3.368100000000000000e+07
3.376100000000000000e+07
3.384100000000000000e+07
3.392100000000000000e+07
3.400100000000000000e+07
3.408100000000000000e+07
3.416100000000000000e+07
3.424100000000000000e+07
3.432100000000000000e+07
3.440100000000000000e+07
3.448100000000000000e+07
3.456100000000000000e+07
3.464100000000000000e+07
3.472100000000000000e+07
3.480100000000000000e+07
3.488100000000000000e+07
3.496100000000000000e+07
3.504100000000000000e+07
3.512100000000000000e+07
3.520100000000000000e+07
3.528100000000000000e+07
3.536100000000000000e+07
3.544100000000000000e+07
3.552100000000000000e+07
3.560100000000000000e+07
3.568100000000000000e+07
3.576100000000000000e+07
3.584100000000000000e+07
3.592100000000000000e+07
3.600100000000000000e+07
3.608100000000000000e+07
3.616100000000000000e+07
3.624100000000000000e+07
3.632100000000000000e+07
3.640100000000000000e+07
3.648100000000000000e+07
3.656100000000000000e+07
3.664100000000000000e+07
3.672100000000000000e+07
3.680100000000000000e+07
3.688100000000000000e+07
3.696100000000000000e+07
3.704100000000000000e+07
3.712100000000000000e+07
3.720100000000000000e+07
3.728100000000000000e+07
3.736100000000000000e+07
3.744100000000000000e+07
3.752100000000000000e+07
3.760100000000000000e+07
3.768100000000000000e+07
3.776100000000000000e+07
3.784100000000000000e+07
3.792100000000000000e+07
3.800100000000000000e+07
3.808100000000000000e+07
3.816100000000000000e+07
3.824100000000000000e+07
3.832100000000000000e+07
3.840100000000000000e+07
3.848100000000000000e+07
3.856100000000000000e+07
3.864100000000000000e+07
3.872100000000000000e+07
3.880100000000000000e+07
3.888100000000000000e+07
3.896100000000000000e+07
3.904100000000000000e+07
3.912100000000000000e+07
3.920100000000000000e+07
3.928100000000000000e+07
3.936100000000000000e+07
3.944100000000000000e+07
3.952100000000000000e+07
3.960100000000000000e+07
3.968100000000000000e+07
3.976100000000000000e+07
3.984100000000000000e+07
3.992100000000000000e+07
4.000100000000000000e+07
4.008100000000000000e+07
4.016100000000000000e+07
4.024100000000000000e+07
4.032100000000000000e+07
4.040100000000000000e+07
4.048100000000000000e+07
4.056100000000000000e+07
4.064100000000000000e+07
4.072100000000000000e+07
4.080100000000000000e+07
4.088100000000000000e+07
4.096100000000000000e+07
4.104100000000000000e+07
4.112100000000000000e+07
4.120100000000000000e+07
4.128100000000000000e+07
4.136100000000000000e+07
4.144100000000000000e+07
4.152100000000000000e+07
4.160100000000000000e+07
4.168100000000000000e+07
4.176100000000000000e+07
4.184100000000000000e+07
4.192100000000000000e+07
4.200100000000000000e+07
4.208100000000000000e+07
4.216100000000000000e+07
4.224100000000000000e+07
4.232100000000000000e+07
4.240100000000000000e+07
4.248100000000000000e+07
4.256100000000000000e+07
4.264100000000000000e+07
4.272100000000000000e+07
4.280100000000000000e+07
4.288100000000000000e+07
4.296100000000000000e+07
4.304100000000000000e+07
4.312100000000000000e+07
4.320100000000000000e+07
4.328100000000000000e+07
4.336100000000000000e+07
4.344100000000000000e+07
4.352100000000000000e+07
4.360100000000000000e+07
4.368100000000000000e+07
4.376100000000000000e+07
4.384100000000000000e+07
4.392100000000000000e+07
4.400100000000000000e+07
4.408100000000000000e+07
4.416100000000000000e+07
4.424100000000000000e+07
4.432100000000000000e+07
4.440100000000000000e+07
4.448100000000000000e+07
4.456100000000000000e+07
4.464100000000000000e+07
4.472100000000000000e+07
4.480100000000000000e+07
4.488100000000000000e+07
4.496100000000000000e+07
4.504100000000000000e+07
4.512100000000000000e+07
4.520100000000000000e+07
4.528100000000000000e+07
4.536100000000000000e+07
4.544100000000000000e+07
4.552100000000000000e+07
4.560100000000000000e+07
4.568100000000000000e+07
4.576100000000000000e+07
4.584100000000000000e+07
4.592100000000000000e+07
4.600100000000000000e+07
4.608100000000000000e+07
4.616100000000000000e+07
4.624100000000000000e+07
4.632100000000000000e+07
4.640100000000000000e+07
4.648100000000000000e+07
4.656100000000000000e+07
4.664100000000000000e+07
4.672100000000000000e+07
4.680100000000000000e+07
4.688100000000000000e+07
4.696100000000000000e+07
4.704100000000000000e+07
4.712100000000000000e+07
4.720100000000000000e+07
4.728100000000000000e+07
4.736100000000000000e+07
4.744100000000000000e+07
4.752100000000000000e+07
4.760100000000000000e+07
4.768100000000000000e+07
4.776100000000000000e+07
4.784100000000000000e+07
4.792100000000000000e+07
4.800100000000000000e+07
4.808100000000000000e+07
4.816100000000000000e+07
4.824100000000000000e+07
4.832100000000000000e+07
4.840100000000000000e+07
4.848100000000000000e+07
4.856100000000000000e+07
4.864100000000000000e+07
4.872100000000000000e+07
4.880100000000000000e+07
4.888100000000000000e+07
4.896100000000000000e+07
4.904100000000000000e+07
4.912100000000000000e+07
4.920100000000000000e+07
4.928100000000000000e+07
4.936100000000000000e+07
4.944100000000000000e+07
4.952100000000000000e+07
4.960100000000000000e+07
4.968100000000000000e+07
4.976100000000000000e+07
4.984100000000000000e+07
4.992100000000000000e+07
5.000100000000000000e+07
5.008100000000000000e+07
5.016100000000000000e+07
5.024100000000000000e+07
5.032100000000000000e+07
5.040100000000000000e+07
5.048100000000000000e+07
5.056100000000000000e+07
5.064100000000000000e+07
5.072100000000000000e+07
5.080100000000000000e+07
5.088100000000000000e+07
5.096100000000000000e+07
5.104100000000000000e+07
5.112100000000000000e+07
5.120100000000000000e+07
5.128100000000000000e+07
5.136100000000000000e+07
5.144100000000000000e+07
5.152100000000000000e+07
5.160100000000000000e+07
5.168100000000000000e+07
5.176100000000000000e+07
5.184100000000000000e+07
5.192100000000000000e+07
5.200100000000000000e+07
5.208100000000000000e+07
5.216100000000000000e+07
5.224100000000000000e+07
5.232100000000000000e+07
5.240100000000000000e+07
5.248100000000000000e+07
5.256100000000000000e+07
5.264100000000000000e+07
5.272100000000000000e+07
5.280100000000000000e+07
5.288100000000000000e+07
5.296100000000000000e+07
5.304100000000000000e+07
5.312100000000000000e+07
5.320100000000000000e+07
5.328100000000000000e+07
5.336100000000000000e+07
5.344100000000000000e+07
5.352100000000000000e+07
5.360100000000000000e+07
5.368100000000000000e+07
5.376100000000000000e+07
5.384100000000000000e+07
5.392100000000000000e+07
5.400100000000000000e+07
5.408100000000000000e+07
5.416100000000000000e+07
5.424100000000000000e+07
5.432100000000000000e+07
5.440100000000000000e+07
5.448100000000000000e+07
5.456100000000000000e+07
5.464100000000000000e+07
5.472100000000000000e+07
5.480100000000000000e+07
5.488100000000000000e+07
5.496100000000000000e+07
5.504100000000000000e+07
5.512100000000000000e+07
5.520100000000000000e+07
5.528100000000000000e+07
5.536100000000000000e+07
5.544100000000000000e+07
5.552100000000000000e+07
5.560100000000000000e+07
5.568100000000000000e+07
5.576100000000000000e+07
5.584100000000000000e+07
5.592100000000000000e+07
5.600100000000000000e+07
5.608100000000000000e+07
5.616100000000000000e+07
5.624100000000000000e+07
5.632100000000000000e+07
5.640100000000000000e+07
5.648100000000000000e+07
5.656100000000000000e+07
5.664100000000000000e+07
5.672100000000000000e+07
5.680100000000000000e+07
5.688100000000000000e+07
5.696100000000000000e+07
5.704100000000000000e+07
5.712100000000000000e+07
5.720100000000000000e+07
5.728100000000000000e+07
5.736100000000000000e+07
5.744100000000000000e+07
5.752100000000000000e+07
5.760100000000000000e+07
5.768100000000000000e+07
5.776100000000000000e+07
5.784100000000000000e+07
5.792100000000000000e+07
5.800100000000000000e+07
5.808100000000000000e+07
5.816100000000000000e+07
5.824100000000000000e+07
5.832100000000000000e+07
5.840100000000000000e+07
5.848100000000000000e+07
5.856100000000000000e+07
5.864100000000000000e+07
5.872100000000000000e+07
5.880100000000000000e+07
5.888100000000000000e+07
5.896100000000000000e+07
5.904100000000000000e+07
5.912100000000000000e+07
5.920100000000000000e+07
5.928100000000000000e+07
5.936100000000000000e+07
5.944100000000000000e+07
5.952100000000000000e+07
5.960100000000000000e+07
5.968100000000000000e+07
5.976100000000000000e+07
5.984100000000000000e+07
5.992100000000000000e+07
6.000100000000000000e+07
6.008100000000000000e+07
6.016100000000000000e+07
6.024100000000000000e+07
6.032100000000000000e+07
6.040100000000000000e+07
6.048100000000000000e+07
6.056100000000000000e+07
6.064100000000000000e+07
6.072100000000000000e+07
6.080100000000000000e+07
6.088100000000000000e+07
6.096100000000000000e+07
6.104100000000000000e+07
6.112100000000000000e+07
6.120100000000000000e+07
6.128100000000000000e+07
6.136100000000000000e+07
6.144100000000000000e+07
6.152100000000000000e+07
6.160100000000000000e+07
6.168100000000000000e+07
6.176100000000000000e+07
6.184100000000000000e+07
6.192100000000000000e+07
6.200100000000000000e+07
6.208100000000000000e+07
6.216100000000000000e+07
6.224100000000000000e+07
6.232100000000000000e+07
6.240100000000000000e+07
6.248100000000000000e+07
6.256100000000000000e+07
6.264100000000000000e+07
6.272100000000000000e+07
6.280100000000000000e+07
6.288100000000000000e+07
6.296100000000000000e+07
6.304100000000000000e+07
6.312100000000000000e+07
6.320100000000000000e+07
6.328100000000000000e+07
6.336100000000000000e+07
6.344100000000000000e+07
6.352100000000000000e+07
6.360100000000000000e+07
6.368100000000000000e+07
6.376100000000000000e+07
6.384100000000000000e+07
6.392100000000000000e+07
6.400100000000000000e+07
6.408100000000000000e+07
6.416100000000000000e+07
6.424100000000000000e+07
6.432100000000000000e+07
6.440100000000000000e+07
6.448100000000000000e+07
6.456100000000000000e+07
6.464100000000000000e+07
6.472100000000000000e+07
6.480100000000000000e+07
6.488100000000000000e+07
6.496100000000000000e+07
6.504100000000000000e+07
6.512100000000000000e+07
6.520100000000000000e+07
6.528100000000000000e+07
6.536100000000000000e+07
6.544100000000000000e+07
6.552100000000000000e+07
6.560100000000000000e+07
6.568100000000000000e+07
6.576100000000000000e+07
6.584100000000000000e+07
6.592100000000000000e+07
6.600100000000000000e+07
6.608100000000000000e+07
6.616100000000000000e+07
6.624100000000000000e+07
6.632100000000000000e+07
6.640100000000000000e+07
6.648100000000000000e+07
6.656100000000000000e+07
6.664100000000000000e+07
6.672100000000000000e+07
6.680100000000000000e+07
6.688100000000000000e+07
6.696100000000000000e+07
6.704100000000000000e+07
6.712100000000000000e+07
6.720100000000000000e+07
6.728100000000000000e+07
6.736100000000000000e+07
6.744100000000000000e+07
6.752100000000000000e+07
6.760100000000000000e+07
6.768100000000000000e+07
6.776100000000000000e+07
6.784100000000000000e+07
6.792100000000000000e+07
6.800100000000000000e+07
6.808100000000000000e+07
6.816100000000000000e+07
6.824100000000000000e+07
6.832100000000000000e+07
6.840100000000000000e+07
6.848100000000000000e+07
6.856100000000000000e+07
6.864100000000000000e+07
6.872100000000000000e+07
6.880100000000000000e+07
6.888100000000000000e+07
6.896100000000000000e+07
6.904100000000000000e+07
6.912100000000000000e+07
6.920100000000000000e+07
6.928100000000000000e+07
6.936100000000000000e+07
6.944100000000000000e+07
6.952100000000000000e+07
6.960100000000000000e+07
6.968100000000000000e+07
6.976100000000000000e+07
6.984100000000000000e+07
6.992100000000000000e+07
7.000100000000000000e+07
7.008100000000000000e+07
7.016100000000000000e+07
7.024100000000000000e+07
7.032100000000000000e+07
7.040100000000000000e+07
7.048100000000000000e+07
7.056100000000000000e+07
7.064100000000000000e+07
7.072100000000000000e+07
7.080100000000000000e+07
7.088100000000000000e+07
7.096100000000000000e+07
7.104100000000000000e+07
7.112100000000000000e+07
7.120100000000000000e+07
7.128100000000000000e+07
7.136100000000000000e+07
7.144100000000000000e+07
7.152100000000000000e+07
7.160100000000000000e+07
7.168100000000000000e+07
7.176100000000000000e+07
7.184100000000000000e+07
7.192100000000000000e+07
7.200100000000000000e+07
7.208100000000000000e+07
7.216100000000000000e+07
7.224100000000000000e+07
7.232100000000000000e+07
7.240100000000000000e+07
7.248100000000000000e+07
7.256100000000000000e+07
7.264100000000000000e+07
7.272100000000000000e+07
7.280100000000000000e+07
7.288100000000000000e+07
7.296100000000000000e+07
7.304100000000000000e+07
7.312100000000000000e+07
7.320100000000000000e+07
7.328100000000000000e+07
7.336100000000000000e+07
7.344100000000000000e+07
7.352100000000000000e+07
7.360100000000000000e+07
7.368100000000000000e+07
7.376100000000000000e+07
7.384100000000000000e+07
7.392100000000000000e+07
7.400100000000000000e+07
7.408100000000000000e+07
7.416100000000000000e+07
7.424100000000000000e+07
7.432100000000000000e+07
7.440100000000000000e+07
7.448100000000000000e+07
7.456100000000000000e+07
7.464100000000000000e+07
7.472100000000000000e+07
7.480100000000000000e+07
7.488100000000000000e+07
7.496100000000000000e+07
7.504100000000000000e+07
7.512100000000000000e+07
7.520100000000000000e+07
7.528100000000000000e+07
7.536100000000000000e+07
7.544100000000000000e+07
7.552100000000000000e+07
7.560100000000000000e+07
7.568100000000000000e+07
7.576100000000000000e+07
7.584100000000000000e+07
7.592100000000000000e+07
7.600100000000000000e+07
7.608100000000000000e+07
7.616100000000000000e+07
7.624100000000000000e+07
7.632100000000000000e+07
7.640100000000000000e+07
7.648100000000000000e+07
7.656100000000000000e+07
7.664100000000000000e+07
7.672100000000000000e+07
7.680100000000000000e+07
7.688100000000000000e+07
7.696100000000000000e+07
7.704100000000000000e+07
7.712100000000000000e+07
7.720100000000000000e+07
7.728100000000000000e+07
7.736100000000000000e+07
7.744100000000000000e+07
7.752100000000000000e+07
7.760100000000000000e+07
7.768100000000000000e+07
7.776100000000000000e+07
7.784100000000000000e+07
7.792100000000000000e+07
7.800100000000000000e+07
7.808100000000000000e+07
7.816100000000000000e+07
7.824100000000000000e+07
7.832100000000000000e+07
7.840100000000000000e+07
7.848100000000000000e+07
7.856100000000000000e+07
7.864100000000000000e+07
7.872100000000000000e+07
7.880100000000000000e+07
7.888100000000000000e+07
7.896100000000000000e+07
7.904100000000000000e+07
7.912100000000000000e+07
7.920100000000000000e+07
7.928100000000000000e+07
7.936100000000000000e+07
7.944100000000000000e+07
7.952100000000000000e+07
7.960100000000000000e+07
7.968100000000000000e+07
7.976100000000000000e+07
7.984100000000000000e+07
7.992100000000000000e+07
8.000100000000000000e+07
8.008100000000000000e+07
8.016100000000000000e+07
8.024100000000000000e+07
8.032100000000000000e+07
8.040100000000000000e+07
8.048100000000000000e+07
8.056100000000000000e+07
8.064100000000000000e+07
8.072100000000000000e+07
8.080100000000000000e+07
8.088100000000000000e+07
8.096100000000000000e+07
8.104100000000000000e+07
8.112100000000000000e+07
8.120100000000000000e+07
8.128100000000000000e+07
8.136100000000000000e+07
8.144100000000000000e+07
8.152100000000000000e+07
8.160100000000000000e+07
8.168100000000000000e+07
8.176100000000000000e+07
8.184100000000000000e+07
8.192100000000000000e+07
8.200100000000000000e+07
8.208100000000000000e+07
8.216100000000000000e+07
8.224100000000000000e+07
8.232100000000000000e+07
8.240100000000000000e+07
8.248100000000000000e+07
8.256100000000000000e+07
8.264100000000000000e+07
8.272100000000000000e+07
8.280100000000000000e+07
8.288100000000000000e+07
8.296100000000000000e+07
8.304100000000000000e+07
8.312100000000000000e+07
8.320100000000000000e+07
8.328100000000000000e+07
8.336100000000000000e+07
8.344100000000000000e+07
8.352100000000000000e+07
8.360100000000000000e+07
8.368100000000000000e+07
8.376100000000000000e+07
8.384100000000000000e+07
8.392100000000000000e+07
8.400100000000000000e+07
8.408100000000000000e+07
8.416100000000000000e+07
8.424100000000000000e+07
8.432100000000000000e+07
8.440100000000000000e+07
8.448100000000000000e+07
8.456100000000000000e+07
8.464100000000000000e+07
8.472100000000000000e+07
8.480100000000000000e+07
8.488100000000000000e+07
8.496100000000000000e+07
8.504100000000000000e+07
8.512100000000000000e+07
8.520100000000000000e+07
8.528100000000000000e+07
8.536100000000000000e+07
8.544100000000000000e+07
8.552100000000000000e+07
8.560100000000000000e+07
8.568100000000000000e+07
8.576100000000000000e+07
8.584100000000000000e+07
8.592100000000000000e+07
8.600100000000000000e+07
8.608100000000000000e+07
8.616100000000000000e+07
8.624100000000000000e+07
8.632100000000000000e+07
8.640100000000000000e+07
8.648100000000000000e+07
8.656100000000000000e+07
8.664100000000000000e+07
8.672100000000000000e+07
8.680100000000000000e+07
8.688100000000000000e+07
8.696100000000000000e+07
8.704100000000000000e+07
8.712100000000000000e+07
8.720100000000000000e+07
8.728100000000000000e+07
8.736100000000000000e+07
8.744100000000000000e+07
8.752100000000000000e+07
8.760100000000000000e+07
8.768100000000000000e+07
8.776100000000000000e+07
8.784100000000000000e+07
8.792100000000000000e+07
8.800100000000000000e+07
8.808100000000000000e+07
8.816100000000000000e+07
8.824100000000000000e+07
8.832100000000000000e+07
8.840100000000000000e+07
8.848100000000000000e+07
8.856100000000000000e+07
8.864100000000000000e+07
8.872100000000000000e+07
8.880100000000000000e+07
8.888100000000000000e+07
8.896100000000000000e+07
8.904100000000000000e+07
8.912100000000000000e+07
8.920100000000000000e+07
8.928100000000000000e+07
8.936100000000000000e+07
8.944100000000000000e+07
8.952100000000000000e+07
8.960100000000000000e+07
8.968100000000000000e+07
8.976100000000000000e+07
8.984100000000000000e+07
8.992100000000000000e+07
9.000100000000000000e+07
9.008100000000000000e+07
9.016100000000000000e+07
9.024100000000000000e+07
9.032100000000000000e+07
9.040100000000000000e+07
9.048100000000000000e+07
9.056100000000000000e+07
9.064100000000000000e+07
9.072100000000000000e+07
9.080100000000000000e+07
9.088100000000000000e+07
9.096100000000000000e+07
9.104100000000000000e+07
9.112100000000000000e+07
9.120100000000000000e+07
9.128100000000000000e+07
9.136100000000000000e+07
9.144100000000000000e+07
9.152100000000000000e+07
9.160100000000000000e+07
9.168100000000000000e+07
9.176100000000000000e+07
9.184100000000000000e+07
9.192100000000000000e+07
9.200100000000000000e+07
9.208100000000000000e+07
9.216100000000000000e+07
9.224100000000000000e+07
9.232100000000000000e+07
9.240100000000000000e+07
9.248100000000000000e+07
9.256100000000000000e+07
9.264100000000000000e+07
9.272100000000000000e+07
9.280100000000000000e+07
9.288100000000000000e+07
9.296100000000000000e+07
9.304100000000000000e+07
9.312100000000000000e+07
9.320100000000000000e+07
9.328100000000000000e+07
9.336100000000000000e+07
9.344100000000000000e+07
9.352100000000000000e+07
9.360100000000000000e+07
9.368100000000000000e+07
9.376100000000000000e+07
9.384100000000000000e+07
9.392100000000000000e+07
9.400100000000000000e+07
9.408100000000000000e+07
9.416100000000000000e+07
9.424100000000000000e+07
9.432100000000000000e+07
9.440100000000000000e+07
9.448100000000000000e+07
9.456100000000000000e+07
9.464100000000000000e+07
9.472100000000000000e+07
9.480100000000000000e+07
9.488100000000000000e+07
9.496100000000000000e+07
9.504100000000000000e+07
9.512100000000000000e+07
9.520100000000000000e+07
9.528100000000000000e+07
9.536100000000000000e+07
9.544100000000000000e+07
9.552100000000000000e+07
9.560100000000000000e+07
9.568100000000000000e+07
9.576100000000000000e+07
9.584100000000000000e+07
9.592100000000000000e+07
9.600100000000000000e+07
9.608100000000000000e+07
9.616100000000000000e+07
9.624100000000000000e+07
9.632100000000000000e+07
9.640100000000000000e+07
9.648100000000000000e+07
9.656100000000000000e+07
9.664100000000000000e+07
9.672100000000000000e+07
9.680100000000000000e+07
9.688100000000000000e+07
9.696100000000000000e+07
9.704100000000000000e+07
9.712100000000000000e+07
9.720100000000000000e+07
9.728100000000000000e+07
9.736100000000000000e+07
9.744100000000000000e+07
9.752100000000000000e+07
9.760100000000000000e+07
9.768100000000000000e+07
9.776100000000000000e+07
9.784100000000000000e+07
9.792100000000000000e+07
9.800100000000000000e+07
9.808100000000000000e+07
9.816100000000000000e+07
9.824100000000000000e+07
9.832100000000000000e+07
9.840100000000000000e+07
9.848100000000000000e+07
9.856100000000000000e+07
9.864100000000000000e+07
9.872100000000000000e+07
9.880100000000000000e+07
9.888100000000000000e+07
9.896100000000000000e+07
9.904100000000000000e+07
9.912100000000000000e+07
9.920100000000000000e+07
9.928100000000000000e+07
9.936100000000000000e+07
9.944100000000000000e+07
9.952100000000000000e+07
9.960100000000000000e+07
9.968100000000000000e+07
9.976100000000000000e+07
9.984100000000000000e+07
9.992100000000000000e+07
1.000010000000000000e+08
1.000810000000000000e+08
1.001610000000000000e+08
1.002410000000000000e+08
1.003210000000000000e+08
1.004010000000000000e+08
1.004810000000000000e+08
1.005610000000000000e+08
1.006410000000000000e+08
1.007210000000000000e+08
1.008010000000000000e+08
1.008810000000000000e+08
1.009610000000000000e+08
1.010410000000000000e+08
1.011210000000000000e+08
1.012010000000000000e+08
1.012810000000000000e+08
1.013610000000000000e+08
1.014410000000000000e+08
1.015210000000000000e+08
1.016010000000000000e+08
1.016810000000000000e+08
1.017610000000000000e+08
1.018410000000000000e+08
1.019210000000000000e+08
1.020010000000000000e+08
1.020810000000000000e+08
1.021610000000000000e+08
1.022410000000000000e+08
1.023210000000000000e+08
1.024010000000000000e+08
1.024810000000000000e+08
1.025610000000000000e+08
1.026410000000000000e+08
1.027210000000000000e+08
1.028010000000000000e+08
1.028810000000000000e+08
1.029610000000000000e+08
1.030410000000000000e+08
1.031210000000000000e+08
1.032010000000000000e+08
1.032810000000000000e+08
1.033610000000000000e+08
1.034410000000000000e+08
1.035210000000000000e+08
1.036010000000000000e+08
1.036810000000000000e+08
1.037610000000000000e+08
1.038410000000000000e+08
1.039210000000000000e+08
1.040010000000000000e+08
1.040810000000000000e+08
1.041610000000000000e+08
1.042410000000000000e+08
1.043210000000000000e+08
1.044010000000000000e+08
1.044810000000000000e+08
1.045610000000000000e+08
1.046410000000000000e+08
1.047210000000000000e+08
1.048010000000000000e+08
1.048810000000000000e+08
1.049610000000000000e+08
1.050410000000000000e+08
1.051210000000000000e+08
1.052010000000000000e+08
1.052810000000000000e+08
1.053610000000000000e+08
1.054410000000000000e+08
1.055210000000000000e+08
1.056010000000000000e+08
1.056810000000000000e+08
1.057610000000000000e+08
1.058410000000000000e+08
1.059210000000000000e+08
1.060010000000000000e+08
1.060810000000000000e+08
1.061610000000000000e+08
1.062410000000000000e+08
1.063210000000000000e+08
1.064010000000000000e+08
1.064810000000000000e+08
1.065610000000000000e+08
1.066410000000000000e+08
1.067210000000000000e+08
1.068010000000000000e+08
1.068810000000000000e+08
1.069610000000000000e+08
1.070410000000000000e+08
1.071210000000000000e+08
1.072010000000000000e+08
1.072810000000000000e+08
1.073610000000000000e+08
1.074410000000000000e+08
1.075210000000000000e+08
1.076010000000000000e+08
1.076810000000000000e+08
1.077610000000000000e+08
1.078410000000000000e+08
1.079210000000000000e+08
1.080010000000000000e+08
1.080810000000000000e+08
1.081610000000000000e+08
1.082410000000000000e+08
1.083210000000000000e+08
1.084010000000000000e+08
1.084810000000000000e+08
1.085610000000000000e+08
1.086410000000000000e+08
1.087210000000000000e+08
1.088010000000000000e+08
1.088810000000000000e+08
1.089610000000000000e+08
1.090410000000000000e+08
1.091210000000000000e+08
1.092010000000000000e+08
1.092810000000000000e+08
1.093610000000000000e+08
1.094410000000000000e+08
1.095210000000000000e+08
1.096010000000000000e+08
1.096810000000000000e+08
1.097610000000000000e+08
1.098410000000000000e+08
1.099210000000000000e+08
1.100010000000000000e+08
1.100810000000000000e+08
1.101610000000000000e+08
1.102410000000000000e+08
1.103210000000000000e+08
1.104010000000000000e+08
1.104810000000000000e+08
1.105610000000000000e+08
1.106410000000000000e+08
1.107210000000000000e+08
1.108010000000000000e+08
1.108810000000000000e+08
1.109610000000000000e+08
1.110410000000000000e+08
1.111210000000000000e+08
1.112010000000000000e+08
1.112810000000000000e+08
1.113610000000000000e+08
1.114410000000000000e+08
1.115210000000000000e+08
1.116010000000000000e+08
1.116810000000000000e+08
1.117610000000000000e+08
1.118410000000000000e+08
1.119210000000000000e+08
1.120010000000000000e+08
1.120810000000000000e+08
1.121610000000000000e+08
1.122410000000000000e+08
1.123210000000000000e+08
1.124010000000000000e+08
1.124810000000000000e+08
1.125610000000000000e+08
1.126410000000000000e+08
1.127210000000000000e+08
1.128010000000000000e+08
1.128810000000000000e+08
1.129610000000000000e+08
1.130410000000000000e+08
1.131210000000000000e+08
1.132010000000000000e+08
1.132810000000000000e+08
1.133610000000000000e+08
1.134410000000000000e+08
1.135210000000000000e+08
1.136010000000000000e+08
1.136810000000000000e+08
1.137610000000000000e+08
1.138410000000000000e+08
1.139210000000000000e+08
1.140010000000000000e+08
1.140810000000000000e+08
1.141610000000000000e+08
1.142410000000000000e+08
1.143210000000000000e+08
1.144010000000000000e+08
1.144810000000000000e+08
1.145610000000000000e+08
1.146410000000000000e+08
1.147210000000000000e+08
1.148010000000000000e+08
1.148810000000000000e+08
1.149610000000000000e+08
1.150410000000000000e+08
1.151210000000000000e+08
1.152010000000000000e+08
1.152810000000000000e+08
1.153610000000000000e+08
1.154410000000000000e+08
1.155210000000000000e+08
1.156010000000000000e+08
1.156810000000000000e+08
1.157610000000000000e+08
1.158410000000000000e+08
1.159210000000000000e+08
1.160010000000000000e+08
1.160810000000000000e+08
1.161610000000000000e+08
1.162410000000000000e+08
1.163210000000000000e+08
1.164010000000000000e+08
1.164810000000000000e+08
1.165610000000000000e+08
1.166410000000000000e+08
1.167210000000000000e+08
1.168010000000000000e+08
1.168810000000000000e+08
1.169610000000000000e+08
1.170410000000000000e+08
1.171210000000000000e+08
1.172010000000000000e+08
1.172810000000000000e+08
1.173610000000000000e+08
1.174410000000000000e+08
1.175210000000000000e+08
1.176010000000000000e+08
1.176810000000000000e+08
1.177610000000000000e+08
1.178410000000000000e+08
1.179210000000000000e+08
1.180010000000000000e+08
1.180810000000000000e+08
1.181610000000000000e+08
1.182410000000000000e+08
1.183210000000000000e+08
1.184010000000000000e+08
1.184810000000000000e+08
1.185610000000000000e+08
1.186410000000000000e+08
1.187210000000000000e+08
1.188010000000000000e+08
1.188810000000000000e+08
1.189610000000000000e+08
1.190410000000000000e+08
1.191210000000000000e+08
1.192010000000000000e+08
1.192810000000000000e+08
1.193610000000000000e+08
1.194410000000000000e+08
1.195210000000000000e+08
1.196010000000000000e+08
1.196810000000000000e+08
1.197610000000000000e+08
1.198410000000000000e+08
1.199210000000000000e+08
1.200010000000000000e+08
1.200810000000000000e+08
1.201610000000000000e+08
1.202410000000000000e+08
1.203210000000000000e+08
1.204010000000000000e+08
1.204810000000000000e+08
1.205610000000000000e+08
1.206410000000000000e+08
1.207210000000000000e+08
1.208010000000000000e+08
1.208810000000000000e+08
1.209610000000000000e+08
1.210410000000000000e+08
1.211210000000000000e+08
1.212010000000000000e+08
1.212810000000000000e+08
1.213610000000000000e+08
1.214410000000000000e+08
1.215210000000000000e+08
1.216010000000000000e+08
1.216810000000000000e+08
1.217610000000000000e+08
1.218410000000000000e+08
1.219210000000000000e+08
1.220010000000000000e+08
1.220810000000000000e+08
1.221610000000000000e+08
1.222410000000000000e+08
1.223210000000000000e+08
1.224010000000000000e+08
1.224810000000000000e+08
1.225610000000000000e+08
1.226410000000000000e+08
1.227210000000000000e+08
1.228010000000000000e+08
1.228810000000000000e+08
1.229610000000000000e+08
1.230410000000000000e+08
1.231210000000000000e+08
1.232010000000000000e+08
1.232810000000000000e+08
1.233610000000000000e+08
1.234410000000000000e+08
1.235210000000000000e+08
1.236010000000000000e+08
1.236810000000000000e+08
1.237610000000000000e+08
1.238410000000000000e+08
1.239210000000000000e+08
1.240010000000000000e+08
1.240810000000000000e+08
1.241610000000000000e+08
1.242410000000000000e+08
1.243210000000000000e+08
1.244010000000000000e+08
1.244810000000000000e+08
1.245610000000000000e+08
1.246410000000000000e+08
1.247210000000000000e+08
1.248010000000000000e+08
1.248810000000000000e+08
1.249610000000000000e+08
1.250410000000000000e+08
1.251210000000000000e+08
1.252010000000000000e+08
1.252810000000000000e+08
1.253610000000000000e+08
1.254410000000000000e+08
1.255210000000000000e+08
1.256010000000000000e+08
1.256810000000000000e+08
1.257610000000000000e+08
1.258410000000000000e+08
1.259210000000000000e+08
1.260010000000000000e+08
1.260810000000000000e+08
1.261610000000000000e+08
1.262410000000000000e+08
1.263210000000000000e+08
1.264010000000000000e+08
1.264810000000000000e+08
1.265610000000000000e+08
1.266410000000000000e+08
1.267210000000000000e+08
1.268010000000000000e+08
1.268810000000000000e+08
1.269610000000000000e+08
1.270410000000000000e+08
1.271210000000000000e+08
1.272010000000000000e+08
1.272810000000000000e+08
1.273610000000000000e+08
1.274410000000000000e+08
1.275210000000000000e+08
1.276010000000000000e+08
1.276810000000000000e+08
1.277610000000000000e+08
1.278410000000000000e+08
1.279210000000000000e+08
1.280010000000000000e+08
1.280810000000000000e+08
1.281610000000000000e+08
1.282410000000000000e+08
1.283210000000000000e+08
1.284010000000000000e+08
1.284810000000000000e+08
1.285610000000000000e+08
1.286410000000000000e+08
1.287210000000000000e+08
1.288010000000000000e+08
1.288810000000000000e+08
1.289610000000000000e+08
1.290410000000000000e+08
1.291210000000000000e+08
1.292010000000000000e+08
1.292810000000000000e+08
1.293610000000000000e+08
1.294410000000000000e+08
1.295210000000000000e+08
1.296010000000000000e+08
1.296810000000000000e+08
1.297610000000000000e+08
1.298410000000000000e+08
1.299210000000000000e+08
1.300010000000000000e+08
1.300810000000000000e+08
1.301610000000000000e+08
1.302410000000000000e+08
1.303210000000000000e+08
1.304010000000000000e+08
1.304810000000000000e+08
1.305610000000000000e+08
1.306410000000000000e+08
1.307210000000000000e+08
1.308010000000000000e+08
1.308810000000000000e+08
1.309610000000000000e+08
1.310410000000000000e+08
1.311210000000000000e+08
1.312010000000000000e+08
1.312810000000000000e+08
1.313610000000000000e+08
1.314410000000000000e+08
1.315210000000000000e+08
1.316010000000000000e+08
1.316810000000000000e+08
1.317610000000000000e+08
1.318410000000000000e+08
1.319210000000000000e+08
1.320010000000000000e+08
1.320810000000000000e+08
1.321610000000000000e+08
1.322410000000000000e+08
1.323210000000000000e+08
1.324010000000000000e+08
1.324810000000000000e+08
1.325610000000000000e+08
1.326410000000000000e+08
1.327210000000000000e+08
1.328010000000000000e+08
1.328810000000000000e+08
1.329610000000000000e+08
1.330410000000000000e+08
1.331210000000000000e+08
1.332010000000000000e+08
1.332810000000000000e+08
1.333610000000000000e+08
1.334410000000000000e+08
1.335210000000000000e+08
1.336010000000000000e+08
1.336810000000000000e+08
1.337610000000000000e+08
1.338410000000000000e+08
1.339210000000000000e+08
1.340010000000000000e+08
1.340810000000000000e+08
1.341610000000000000e+08
1.342410000000000000e+08
1.343210000000000000e+08
1.344010000000000000e+08
1.344810000000000000e+08
1.345610000000000000e+08
1.346410000000000000e+08
1.347210000000000000e+08
1.348010000000000000e+08
1.348810000000000000e+08
1.349610000000000000e+08
1.350410000000000000e+08
1.351210000000000000e+08
1.352010000000000000e+08
1.352810000000000000e+08
1.353610000000000000e+08
1.354410000000000000e+08
1.355210000000000000e+08
1.356010000000000000e+08
1.356810000000000000e+08
1.357610000000000000e+08
1.358410000000000000e+08
1.359210000000000000e+08
1.360010000000000000e+08
1.360810000000000000e+08
1.361610000000000000e+08
1.362410000000000000e+08
1.363210000000000000e+08
1.364010000000000000e+08
1.364810000000000000e+08
1.365610000000000000e+08
1.366410000000000000e+08
1.367210000000000000e+08
1.368010000000000000e+08
1.368810000000000000e+08
1.369610000000000000e+08
1.370410000000000000e+08
1.371210000000000000e+08
1.372010000000000000e+08
1.372810000000000000e+08
1.373610000000000000e+08
1.374410000000000000e+08
1.375210000000000000e+08
1.376010000000000000e+08
1.376810000000000000e+08
1.377610000000000000e+08
1.378410000000000000e+08
1.379210000000000000e+08
1.380010000000000000e+08
1.380810000000000000e+08
1.381610000000000000e+08
1.382410000000000000e+08
1.383210000000000000e+08
1.384010000000000000e+08
1.384810000000000000e+08
1.385610000000000000e+08
1.386410000000000000e+08
1.387210000000000000e+08
1.388010000000000000e+08
1.388810000000000000e+08
1.389610000000000000e+08
1.390410000000000000e+08
1.391210000000000000e+08
1.392010000000000000e+08
1.392810000000000000e+08
1.393610000000000000e+08
1.394410000000000000e+08
1.395210000000000000e+08
1.396010000000000000e+08
1.396810000000000000e+08
1.397610000000000000e+08
1.398410000000000000e+08
1.399210000000000000e+08
1.400010000000000000e+08
1.400810000000000000e+08
1.401610000000000000e+08
1.402410000000000000e+08
1.403210000000000000e+08
1.404010000000000000e+08
1.404810000000000000e+08
1.405610000000000000e+08
1.406410000000000000e+08
1.407210000000000000e+08
1.408010000000000000e+08
1.408810000000000000e+08
1.409610000000000000e+08
1.410410000000000000e+08
1.411210000000000000e+08
1.412010000000000000e+08
1.412810000000000000e+08
1.413610000000000000e+08
1.414410000000000000e+08
1.415210000000000000e+08
1.416010000000000000e+08
1.416810000000000000e+08
1.417610000000000000e+08
1.418410000000000000e+08
1.419210000000000000e+08
1.420010000000000000e+08
1.420810000000000000e+08
1.421610000000000000e+08
1.422410000000000000e+08
1.423210000000000000e+08
1.424010000000000000e+08
1.424810000000000000e+08
1.425610000000000000e+08
1.426410000000000000e+08
1.427210000000000000e+08
1.428010000000000000e+08
1.428810000000000000e+08
1.429610000000000000e+08
1.430410000000000000e+08
1.431210000000000000e+08
1.432010000000000000e+08
1.432810000000000000e+08
1.433610000000000000e+08
1.434410000000000000e+08
1.435210000000000000e+08
1.436010000000000000e+08
1.436810000000000000e+08
1.437610000000000000e+08
1.438410000000000000e+08
1.439210000000000000e+08
1.440010000000000000e+08
1.440810000000000000e+08
1.441610000000000000e+08
1.442410000000000000e+08
1.443210000000000000e+08
1.444010000000000000e+08
1.444810000000000000e+08
1.445610000000000000e+08
1.446410000000000000e+08
1.447210000000000000e+08
1.448010000000000000e+08
1.448810000000000000e+08
1.449610000000000000e+08
1.450410000000000000e+08
1.451210000000000000e+08
1.452010000000000000e+08
1.452810000000000000e+08
1.453610000000000000e+08
1.454410000000000000e+08
1.455210000000000000e+08
1.456010000000000000e+08
1.456810000000000000e+08
1.457610000000000000e+08
1.458410000000000000e+08
1.459210000000000000e+08
1.460010000000000000e+08
1.460810000000000000e+08
1.461610000000000000e+08
1.462410000000000000e+08
1.463210000000000000e+08
1.464010000000000000e+08
1.464810000000000000e+08
1.465610000000000000e+08
1.466410000000000000e+08
1.467210000000000000e+08
1.468010000000000000e+08
1.468810000000000000e+08
1.469610000000000000e+08
1.470410000000000000e+08
1.471210000000000000e+08
1.472010000000000000e+08
1.472810000000000000e+08
1.473610000000000000e+08
1.474410000000000000e+08
1.475210000000000000e+08
1.476010000000000000e+08
1.476810000000000000e+08
1.477610000000000000e+08
1.478410000000000000e+08
1.479210000000000000e+08
1.480010000000000000e+08
1.480810000000000000e+08
1.481610000000000000e+08
1.482410000000000000e+08
1.483210000000000000e+08
1.484010000000000000e+08
1.484810000000000000e+08
1.485610000000000000e+08
1.486410000000000000e+08
1.487210000000000000e+08
1.488010000000000000e+08
1.488810000000000000e+08
1.489610000000000000e+08
1.490410000000000000e+08
1.491210000000000000e+08
1.492010000000000000e+08
1.492810000000000000e+08
1.493610000000000000e+08
1.494410000000000000e+08
1.495210000000000000e+08
1.496010000000000000e+08
1.496810000000000000e+08
1.497610000000000000e+08
1.498410000000000000e+08
1.499210000000000000e+08
