9.854439748377177466e+02
5.677883622835194546e+04
9.712413053423883684e+04
1.309700324497948022e+05
1.600997823236434197e+05
1.857278863255910401e+05
2.089483723139166832e+05
2.299052265705067548e+05
2.489352191956132010e+05
2.663546926345740794e+05
2.824477760140227037e+05
2.974682983415240888e+05
3.116414667802836630e+05
3.251659780136087793e+05
3.382165599206070183e+05
3.509466871626916109e+05
3.634912777033805614e+05
3.759692348594331415e+05
3.884857570749383303e+05
4.011343901609162567e+05
4.139988396812400315e+05
4.271545201061659609e+05
4.406699271969085676e+05
4.546078036271447781e+05
4.690261823840631405e+05
4.839792512630748097e+05
4.995181614196764422e+05
5.156916950449149008e+05
5.325468405072173337e+05
5.501292789814022835e+05
5.684837550686945906e+05
5.876543352595536271e+05
6.076845412485447014e+05
6.286173660459531238e+05
6.504951145628329832e+05
6.733591505426253425e+05
6.972494440582521493e+05
7.222040448020207696e+05
7.482584030876714969e+05
7.754446151253324933e+05
8.037905963337848661e+05
8.333192387630782323e+05
8.640475860793319298e+05
8.959860792542670388e+05
9.291378636676685419e+05
9.634982969222917454e+05
9.990545525992527837e+05
1.035785492023409926e+06
1.073661690034954809e+06
1.112645671538980212e+06
1.152692383901294088e+06
1.193749785970464349e+06
1.235759662218522513e+06
1.278658517096413299e+06
1.322378580632740865e+06
1.366848858270164579e+06
1.411996188875238411e+06
1.457746335557510145e+06
1.504024963127735071e+06
1.550758624332645210e+06
1.597875579758603591e+06
1.645306527587566059e+06
1.692985319597926456e+06
1.740849402970856056e+06
1.788840234282241669e+06
1.836903578858273802e+06
1.884989716174754314e+06
1.933053483215359738e+06
1.981054278907046188e+06
2.028956016389778582e+06
2.076726992432442727e+06
2.124339622608631384e+06
2.171770380544898566e+06
2.218999368065624963e+06
2.266010167472816072e+06
2.312789576002358925e+06
2.359327196143201087e+06
2.405615326060061343e+06
2.451648574741255026e+06
2.497423658980727661e+06
2.542939128974497784e+06
2.588195158371632919e+06
2.633193341398144607e+06
2.677936469945991877e+06
2.722428349975841586e+06
2.766673656850857195e+06
2.810677841535817366e+06
2.854446909517562483e+06
2.897987294956800528e+06
2.941305874062533025e+06
2.984409775161907542e+06
3.027306341844547074e+06
3.070003043237681501e+06
3.112507431568853091e+06
3.154827079485686030e+06
3.196969547137031797e+06
3.238942337592295371e+06
3.280752870576519519e+06
3.322408487439705990e+06
3.363916364434070420e+06
3.405283500540157314e+06
3.446516853118130937e+06
3.487623084557071328e+06
3.528608744504672941e+06
3.569480191364922095e+06
3.610243650326540694e+06
3.650905042098414619e+06
3.691470219498104416e+06
3.731944810852034949e+06
3.772334234907901380e+06
3.812643765354000963e+06
3.852878513371969573e+06
3.893043342454675585e+06
3.933143034955956507e+06
3.973182143460117280e+06
4.013165143136991654e+06
4.053096251558689866e+06
4.092979599812992848e+06
4.132819168756256346e+06
4.172618794654085301e+06
4.212382174813932739e+06
4.252112873056586832e+06
4.291814325031544082e+06
4.331489900359461084e+06
4.371142778347424231e+06
4.410776018805277534e+06
4.450392715615959838e+06
4.489995632084377110e+06
4.529587686091918498e+06
4.569171467399295419e+06
4.608749632659526542e+06
4.648324713106316514e+06
4.687899098968958482e+06
4.727475152685579844e+06
4.767055211325482465e+06
4.806641430893637240e+06
4.846235942230632529e+06
4.885840814466105774e+06
4.925458050832167268e+06
4.965089591323493049e+06
5.004737315362823196e+06
5.044403044251886196e+06
5.084088543507394381e+06
5.123795525179405697e+06
5.163525649945449084e+06
5.203280529168661684e+06
5.243061726878443733e+06
5.282870761604058556e+06
5.322709108158488758e+06
5.362578199328045361e+06
5.402479427484771237e+06
5.442414146122203209e+06
5.482383671328307129e+06
5.522389283156218939e+06
5.562432226989339106e+06
5.602513738291921094e+06
5.642634996525641531e+06
5.682797129514765926e+06
5.723001255831278861e+06
5.763248465142512694e+06
5.803539819246854633e+06
5.843876352974407375e+06
5.884259114732204936e+06
5.924689066297227517e+06
5.965167150575047359e+06
6.005694303248137236e+06
6.046271437285379507e+06
6.086899443581176922e+06
6.127579221183562651e+06
6.168311620053656399e+06
6.209097438971267082e+06
6.249937487255134620e+06
6.290832555407429114e+06
6.331783415640193038e+06
6.372790831246039830e+06
6.413855579664343037e+06
6.454978331961709075e+06
6.496159792216813192e+06
6.537400648678355850e+06
6.578701574195107445e+06
6.620063226628341712e+06
6.661486251458585262e+06
6.702971323951913975e+06
6.744519009795775637e+06
6.786129910617170855e+06
6.827804614869975485e+06
6.869543698189057410e+06
6.911347723671225831e+06
6.953217242197442800e+06
6.995152792727140710e+06
7.037154902518416755e+06
7.079224109923827462e+06
7.121360907708235085e+06
7.163565777256344445e+06
7.205839201686452143e+06
7.248181653693722561e+06
7.290593595761244185e+06
7.333075480394068174e+06
7.375627750304915011e+06
7.418250838627048768e+06
7.460945169069679454e+06
7.503711156156305224e+06
7.546549205369459465e+06
7.589459713326992467e+06
7.632443067956795916e+06
7.675499648659512401e+06
7.718629826432995498e+06
7.761833964086958207e+06
7.805112416319394484e+06
7.848465529904155061e+06
7.891893643811617978e+06
7.935397089349078014e+06
7.978976190273770131e+06
8.022631262928945012e+06
8.066362616380962543e+06
8.110170552490808070e+06
8.154055366103237495e+06
8.198017345073404722e+06
8.242056774421820417e+06
8.286173966025969945e+06
8.330369149707119912e+06
8.374642586651313119e+06
8.418994531583840027e+06
8.463425232921935618e+06
8.507934932802015916e+06
8.552523867231301963e+06
8.597192266117002815e+06
8.641940390213157982e+06
8.686768462182182819e+06
8.731676656934266910e+06
8.776665180990114808e+06
8.821734235209284350e+06
8.866884014844372869e+06
8.912114747711563483e+06
8.957426643076676875e+06
9.002819821264492348e+06
9.048294455945761874e+06
9.093850715603373945e+06
9.139488806855006143e+06
9.185208921874126419e+06
9.231011141064245254e+06
9.276895612688470632e+06
9.322862480086855590e+06
9.368912016857247800e+06
9.415044227463774383e+06
9.461259239707775414e+06
9.507557185352751985e+06
9.553938321829574183e+06
9.600402624001629651e+06
9.646950202560504898e+06
9.693581234745111316e+06
9.740295849666401744e+06
9.787094051542956382e+06
9.833975943499997258e+06
9.880941776105746627e+06
9.927991467846339568e+06
9.975125099452067167e+06
1.002234291810600087e+07
1.006964485385441221e+07
1.011703095243346877e+07
1.016450145779687352e+07
1.021205628324883804e+07
1.025969545915289223e+07
1.030741925625717267e+07
1.035522751243326440e+07
1.040312032736444101e+07
1.045109786461153813e+07
1.049915999144377373e+07
1.054730688361364231e+07
1.059553853471449763e+07
1.064385488047451712e+07
1.069225618533065729e+07
1.074074222957395948e+07
1.078931317132394016e+07
1.083796900856607407e+07
1.088670966705915146e+07
1.093553535953824222e+07
1.098444585697284713e+07
1.103344137858564034e+07
1.108252177252122387e+07
1.113168711116945557e+07
1.118093740048606694e+07
1.123027255330907181e+07
1.127969271256978996e+07
1.132919765278294124e+07
1.137878763282857463e+07
1.142846234112555720e+07
1.147822203872422501e+07
1.152806641755956411e+07
1.157799568340315856e+07
1.162800972605948709e+07
1.167810851473181322e+07
1.172829201606116258e+07
1.177856019406592660e+07
1.182891301016231999e+07
1.187935042326183245e+07
1.192987238974706642e+07
1.198047886352816783e+07
1.203116979605874792e+07
1.208194513663049974e+07
1.213280483234635927e+07
1.218374882670828514e+07
1.223477706175035983e+07
1.228588947716279328e+07
1.233708601030045561e+07
1.238836659632146917e+07
1.243973116824436001e+07
1.249117965680926666e+07
1.254271199062163942e+07
1.259432809617648460e+07
1.264602789789393730e+07
1.269781131808794476e+07
1.274967827700646967e+07
1.280162869292959198e+07
1.285366248213522322e+07
1.290577955890254676e+07
1.295797983618964627e+07
1.301026322479224578e+07
1.306262963260666840e+07
1.311507896626101434e+07
1.316761113061928563e+07
1.322022602880830690e+07
1.327292356206275150e+07
1.332570362986735441e+07
1.337856613152527250e+07
1.343151096356368437e+07
1.348453801864628494e+07
1.353764718946275674e+07
1.359083836699572392e+07
1.364411144413667917e+07
1.369746630703734048e+07
1.375090284053830616e+07
1.380442092960374244e+07
1.385802046302859671e+07
1.391170131699468754e+07
1.396546337170113064e+07
1.401930651289743930e+07
1.407323061132377200e+07
1.412723554530347139e+07
1.418132119255282730e+07
1.423548742065064237e+07
1.428973411001369730e+07
1.434406112345268205e+07
1.439846833717152104e+07
1.445295561396714486e+07
1.450752282640017755e+07
1.456216983432310633e+07
1.461689650998794101e+07
1.467170270892026834e+07
1.472658830070752837e+07
1.478155314189338684e+07
1.483659709219580889e+07
1.489172001666190103e+07
1.494692176673162170e+07
1.500220219971965998e+07
1.505756117800190113e+07
1.511299855051521771e+07
1.516851417133283243e+07
1.522410789361486211e+07
1.527977957289107144e+07
1.533552905767326429e+07
1.539135619728916138e+07
1.544726084106856771e+07
1.550324283744639903e+07
1.555930203391067870e+07
1.561543827719821408e+07
1.567165141309395805e+07
1.572794128652160428e+07
1.578430774157036468e+07
1.584075062146693096e+07
1.589726976867603324e+07
1.595386502487942390e+07
1.601053623098415881e+07
1.606728322706389241e+07
1.612410585238615423e+07
1.618100394617632218e+07
1.623797735084310360e+07
1.629502589923206158e+07
1.635214942775771022e+07
1.640934777311982028e+07
1.646662077705256455e+07
1.652396826727196760e+07
1.658139007920124754e+07
1.663888605356791057e+07
1.669645601457742974e+07
1.675409980294321105e+07
1.681181724553018063e+07
1.686960817771964148e+07
1.692747242846377566e+07
1.698540983179024607e+07
1.704342021259823069e+07
1.710150340991310403e+07
1.715965924365612492e+07
1.721788754873514175e+07
1.727618815431256592e+07
1.733456088422030956e+07
1.739300556792220846e+07
1.745152203893057257e+07
1.751011011810263619e+07
1.756876963281787559e+07
1.762750041013851762e+07
1.768630227666429803e+07
1.774517505896724388e+07
1.780411858415892348e+07
1.786313267527035996e+07
1.792221715736629069e+07
1.798137185543576628e+07
1.804059659391733259e+07
1.809989119711300731e+07
1.815925549177505821e+07
1.821868929924182221e+07
1.827819244290122390e+07
1.833776474571086839e+07
1.839740603042136505e+07
1.845711612096636370e+07
1.851689484565146267e+07
1.857674201965506002e+07
1.863665746467813477e+07
1.869664101293318346e+07
1.875669247768014297e+07
1.881681168231429905e+07
1.887699845507183298e+07
1.893725260738690197e+07
1.899757397462277487e+07
1.905796236455987766e+07
1.911841761165113002e+07
1.917893952814404294e+07
1.923952793908623233e+07
1.930018266961050779e+07
1.936090353384625167e+07
1.942169035791131854e+07
1.948254296660479158e+07
1.954346117519861832e+07
1.960444480596337840e+07
1.966549368116765842e+07
1.972660762691683322e+07
1.978778646132172644e+07
1.984903000488166139e+07
1.991033807948900014e+07
1.997171050710904598e+07
2.003314710944178328e+07
2.009464770833718032e+07
2.015621212533819675e+07
2.021784018210461363e+07
2.027953170014433190e+07
2.034128650489363819e+07
2.040310441779001430e+07
2.046498525803460926e+07
2.052692884718503803e+07
2.058893500693497434e+07
2.065100357098974660e+07
2.071313434965471923e+07
2.077532716455277428e+07
2.083758185365562513e+07
2.089989822333554551e+07
2.096227610664648935e+07
2.102471532301153615e+07
2.108721569727545232e+07
2.114977705215881765e+07
2.121239921459823102e+07
2.127508200014838204e+07
2.133782524842842296e+07
2.140062876891918480e+07
2.146349238971064612e+07
2.152641594516315311e+07
2.158939924965158105e+07
2.165244212931931391e+07
2.171554441041829064e+07
2.177870592657715082e+07
2.184192649594251812e+07
2.190520594501297921e+07
2.196854410042916238e+07
2.203194078915302083e+07
2.209539583815238252e+07
2.215890907441529259e+07
2.222248032526566461e+07
2.228610941783256829e+07
2.234979617960858718e+07
2.241354043824420869e+07
2.247734202226760983e+07
2.254120076723554358e+07
2.260511649422219023e+07
2.266908903121911362e+07
2.273311820635343343e+07
2.279720386217310652e+07
2.286134581622142717e+07
2.292554389547572285e+07
2.298979794869619235e+07
2.305410778707264364e+07
2.311847325328578800e+07
2.318289417377891019e+07
2.324737038262430578e+07
2.331190170924565941e+07
2.337648799156805873e+07
2.344112904966379330e+07
2.350582473771004379e+07
2.357057486946576089e+07
2.363537928134959936e+07
2.370023782176489010e+07
2.376515031061348319e+07
2.383011658366373181e+07
2.389513647680759057e+07
2.396020983388515189e+07
2.402533648363041878e+07
2.409051626086708531e+07
2.415574900256663188e+07
2.422103454551103711e+07
2.428637272702250630e+07
2.435176338456640020e+07
2.441720635580147803e+07
2.448270147855789587e+07
2.454824859085365757e+07
2.461384753090207651e+07
2.467949813701667264e+07
2.474520025426740199e+07
2.481095372121896222e+07
2.487675837256435305e+07
2.494261404772564769e+07
2.500852059204230085e+07
2.507447785297074541e+07
2.514048565886935964e+07
2.520654385784375295e+07
2.527265229878092930e+07
2.533881080731507018e+07
2.540501925067697465e+07
2.547127744740732387e+07
2.553758526295524463e+07
2.560394252003605664e+07
2.567034908816779405e+07
2.573680478782519326e+07
2.580330948287533224e+07
2.586986301096244901e+07
2.593646521187350899e+07
2.600311594841147959e+07
2.606981505780243129e+07
2.613656238361979276e+07
2.620335777479542047e+07
2.627020108920898288e+07
2.633709217012894154e+07
2.640403086326601729e+07
2.647101701851263642e+07
2.653805048637562990e+07
2.660513111708420888e+07
2.667225876143932715e+07
2.673943327044351026e+07
2.680665449524265155e+07
2.687392228731651977e+07
2.694123649831924587e+07
2.700859698010630906e+07
2.707600358508342877e+07
2.714345616563895345e+07
2.721095458195149526e+07
2.727849868750842288e+07
2.734608832959362864e+07
2.741372336129972339e+07
2.748140364576334879e+07
2.754912904170501232e+07
2.761689939080393314e+07
2.768471456028774008e+07
2.775257440914155915e+07
2.782047877683762461e+07
2.788842755239728093e+07
2.795642055964528397e+07
2.802445768644143641e+07
2.809253876377934217e+07
2.816066368099527061e+07
2.822883226759460941e+07
2.829704440985886753e+07
2.836529995154187083e+07
2.843359875031508505e+07
2.850194069127300009e+07
2.857032561270188168e+07
2.863875337808910012e+07
2.870722386312328279e+07
2.877573692661037296e+07
2.884429242521898076e+07
2.891289022382474691e+07
2.898153018760968745e+07
2.905021218166468665e+07
2.911893607752985880e+07
2.918770173500394449e+07
2.925650901838960499e+07
2.932535779397644475e+07
2.939424792815880477e+07
2.946317928808898479e+07
2.953215174054803699e+07
2.960116515319740027e+07
2.967021939951103181e+07
2.973931434616784006e+07
2.980844985858489200e+07
2.987762580508391932e+07
2.994684205420307815e+07
3.001609847469731048e+07
3.008539495351663604e+07
3.015473134813594073e+07
3.022410752388494834e+07
3.029352335914353654e+07
3.036297873756085709e+07
3.043247350946608931e+07
3.050200756280694902e+07
3.057158077028816566e+07
3.064119299017272145e+07
3.071084412607951090e+07
3.078053401423904300e+07
3.085026257311744243e+07
3.092002963371672109e+07
3.098983511170353740e+07
3.105967885064670444e+07
3.112956074615160376e+07
3.119948067109210044e+07
3.126943848861274868e+07
3.133943410458510369e+07
3.140946737581919506e+07
3.147953817718949169e+07
3.154964640177236125e+07
3.161979192904611304e+07
3.168997462676025182e+07
3.176019437636393681e+07
3.183045105939023197e+07
3.190074456649028510e+07
3.197107477423808724e+07
3.204144155896519497e+07
3.211184480349549651e+07
3.218228439028750733e+07
3.225276020203185827e+07
3.232327212227002904e+07
3.239382003395691887e+07
3.246440382110880688e+07
3.253502336714646965e+07
3.260567855635187402e+07
3.267636927324864268e+07
3.274709540194866806e+07
3.281785682853819430e+07
3.288865345264235884e+07
3.295948514602426440e+07
3.303035179400034994e+07
3.310125328192131594e+07
3.317218949935612455e+07
3.324316035420187563e+07
3.331416570935807005e+07
3.338520545170070976e+07
3.345627949285792559e+07
3.352738770741486922e+07
3.359852997187215090e+07
3.366970621269592643e+07
3.374091628476703912e+07
3.381216009467851371e+07
3.388343753498158604e+07
3.395474848467794061e+07
3.402609285546137393e+07
3.409747051718059927e+07
3.416888138222568482e+07
3.424032532996400446e+07
3.431180225458090007e+07
3.438331206396564841e+07
3.445485462364332378e+07
3.452642986321387440e+07
3.459803765368418396e+07
3.466967788316109776e+07
3.474135047638420016e+07
3.481305530925522000e+07
3.488479227208679169e+07
3.495656126324234158e+07
3.502836220593451709e+07
3.510019497166037560e+07
3.517205945881473273e+07
3.524395556631720066e+07
3.531588319329627603e+07
3.538784223908752948e+07
3.545983261463873833e+07
3.553185420647272468e+07
3.560390691403265297e+07
3.567599063744989038e+07
3.574810527679213881e+07
3.582025073313033581e+07
3.589242690694160759e+07
3.596463369889473170e+07
3.603687101063262671e+07
3.610913874294371903e+07
3.618143679764451087e+07
3.625376509120276570e+07
3.632612351325206459e+07
3.639851196591048688e+07
3.647093035146920383e+07
3.654337857269903272e+07
3.661585653155686706e+07
3.668836415688172728e+07
3.676090133243921399e+07
3.683346795734009147e+07
3.690606393461388350e+07
3.697868920730952173e+07
3.705134364338304102e+07
3.712402714573389292e+07
3.719673965975970775e+07
3.726948105683156848e+07
3.734225124613969773e+07
3.741505016610174626e+07
3.748787767947798222e+07
3.756073374092799425e+07
3.763361821918568015e+07
3.770653105174860358e+07
3.777947212596773356e+07
3.785244137184185535e+07
3.792543867493696511e+07
3.799846397682798654e+07
3.807151714357289672e+07
3.814459814556935430e+07
3.821770683847966790e+07
3.829084315946309268e+07
3.836400702529919147e+07
3.843719832138722390e+07
3.851041698920640349e+07
3.858366293350567669e+07
3.865693604995620251e+07
3.873023626046314090e+07
3.880356350342142582e+07
3.887691766206397861e+07
3.895029865170826018e+07
3.902370638882958144e+07
3.909714080976463854e+07
3.917060181422129273e+07
3.924408931161879003e+07
3.931760321876809746e+07
3.939114345265418291e+07
3.946470992941325158e+07
3.953830256636240333e+07
3.961192128099028021e+07
3.968556599162670225e+07
3.975923661779512465e+07
3.983293307118758559e+07
3.990665526957040280e+07
3.998040313087297976e+07
4.005417657318812609e+07
4.012797552012364566e+07
4.020179988954565674e+07
4.027564959778768569e+07
4.034952456318623573e+07
4.042342470537186414e+07
4.049734994306158274e+07
4.057130019504023343e+07
4.064527538124331087e+07
4.071927542169252783e+07
4.079330026493258774e+07
4.086734980384407938e+07
4.094142395757842809e+07
4.101552264692535251e+07
4.108964581242971122e+07
4.116379337663522363e+07
4.123796523990181834e+07
4.131216132185588777e+07
4.138638159554658830e+07
4.146062593367815763e+07
4.153489425574934483e+07
4.160918654377603531e+07
4.168350266130763292e+07
4.175784255307327956e+07
4.183220616240176558e+07
4.190659336796738207e+07
4.198100416320332885e+07
4.205543840442498028e+07
4.212989607029776275e+07
4.220437704631591588e+07
4.227888129213426262e+07
4.235340870301619172e+07
4.242795924052872509e+07
4.250253278724150360e+07
4.257712932772228867e+07
4.265174872553749382e+07
4.272639096907695383e+07
4.280105594269548357e+07
4.287574358227288723e+07
4.295045384583857656e+07
4.302518661697293073e+07
4.309994185524885356e+07
4.317471949335089326e+07
4.324951943178942800e+07
4.332434161517898738e+07
4.339918599919158220e+07
4.347405247690107673e+07
4.354894098100973666e+07
4.362385146131205559e+07
4.369878385489100963e+07
4.377373806987898052e+07
4.384871403912737966e+07
4.392371169561102986e+07
4.399873098380284756e+07
4.407377184225008637e+07
4.414883418522470444e+07
4.422391794621055573e+07
4.429902305881879479e+07
4.437414945678639412e+07
4.444929707352265716e+07
4.452446584391511977e+07
4.459965570162110031e+07
4.467486658086986095e+07
4.475009841555210203e+07
4.482535114105499536e+07
4.490062469151159376e+07
4.497591900116698444e+07
4.505123400577832013e+07
4.512656963936324418e+07
4.520192583790031821e+07
4.527730253558538854e+07
4.535269966864627600e+07
4.542811717154263705e+07
4.550355498027147353e+07
4.557901303095492721e+07
4.565449125836183876e+07
4.572998959869210422e+07
4.580550801055633277e+07
4.588104641981213540e+07
4.595660475298927724e+07
4.603218294620309770e+07
4.610778093571566790e+07
4.618339868071795255e+07
4.625903612131819874e+07
4.633469317059084028e+07
4.641036976526867598e+07
4.648606587201023847e+07
4.656178142819646001e+07
4.663751634333638847e+07
4.671327056555916369e+07
4.678904407858011127e+07
4.686483676502700895e+07
4.694064857795376331e+07
4.701647949996235222e+07
4.709232941129868478e+07
4.716819829319477826e+07
4.724408608063750714e+07
4.731999267824627459e+07
4.739591810474330932e+07
4.747186221502514929e+07
4.754782502131456137e+07
4.762380641370392591e+07
4.769980636921471357e+07
4.777582480852939934e+07
4.785186168888719380e+07
4.792791694064423442e+07
4.800399052231052518e+07
4.808008235215730220e+07
4.815619241295615584e+07
4.823232058828061819e+07
4.830846690514767915e+07
4.838463122152487934e+07
4.846081354631522298e+07
4.853701378976332396e+07
4.861323188315170258e+07
4.868946783416547626e+07
4.876572151693712920e+07
4.884199290517034382e+07
4.891828196889213473e+07
4.899458860481370986e+07
4.907091277993490547e+07
4.914725447297760844e+07
4.922361358018455654e+07
4.929999004976218939e+07
4.937638387802740186e+07
4.945279497664440423e+07
4.952922328080012649e+07
4.960566873917353153e+07
4.968213133444675058e+07
4.975861099667650461e+07
4.983510765742792189e+07
4.991162126571656018e+07
4.998815177018135041e+07
5.006469913749174029e+07
5.014126332000435144e+07
5.021784424423740804e+07
5.029444186086712778e+07
5.037105611888508499e+07
5.044768696741492301e+07
5.052433435747001320e+07
5.060099823769260943e+07
5.067767855923010409e+07
5.075437527782853693e+07
5.083108834372302145e+07
5.090781769748109579e+07
5.098456329060316831e+07
5.106132507222004980e+07
5.113810299400874227e+07
5.121489700525698811e+07
5.129170705718992651e+07
5.136853310049480200e+07
5.144537508656568825e+07
5.152223296499467641e+07
5.159910668733061105e+07
5.167599621841362864e+07
5.175290150152725726e+07
5.182982248391085118e+07
5.190675911743929982e+07
5.198371135342168063e+07
5.206067914323422313e+07
5.213766243832021952e+07
5.221466119018937647e+07
5.229167535041748732e+07
5.236870489950649440e+07
5.244574977540779114e+07
5.252280991769347340e+07
5.259988527821793407e+07
5.267697580888492614e+07
5.275408147676727176e+07
5.283120226141323894e+07
5.290833807518497109e+07
5.298548887025685608e+07
5.306265459819784760e+07
5.313983528090919554e+07
5.321703080560918897e+07
5.329424112376584858e+07
5.337146621271651238e+07
5.344870605596852303e+07
5.352596055343469977e+07
5.360322966299896687e+07
5.368051341569922864e+07
5.375781168369783461e+07
5.383512442959903181e+07
5.391245168456990272e+07
5.398979331574323028e+07
5.406714931637836993e+07
5.414451966738552600e+07
5.422190425816933066e+07
5.429930313217473030e+07
5.437671617668777704e+07
5.445414337004657835e+07
5.453158469312182814e+07
5.460904004140783101e+07
5.468650946819286793e+07
5.476399281746568531e+07
5.484149016532456130e+07
5.491900135461378098e+07
5.499652644697435945e+07
5.507406530388832837e+07
5.515161797690534592e+07
5.522918432847360522e+07
5.530676442178244889e+07
5.538435809704379737e+07
5.546196544632302970e+07
5.553958630144032836e+07
5.561722071842973679e+07
5.569486859287491441e+07
5.577252990623836219e+07
5.585020463996977359e+07
5.592789268515887111e+07
5.600559411302316189e+07
5.608330878067786247e+07
5.616103668098118901e+07
5.623877781157211214e+07
5.631653206297967583e+07
5.639429945190549642e+07
5.647207993219411373e+07
5.654987341893518716e+07
5.662767992514703423e+07
5.670549940717797726e+07
5.678333178252284974e+07
5.686117703624389321e+07
5.693903517347381264e+07
5.701690609284055233e+07
5.709478975657369196e+07
5.717268617554929107e+07
5.725059529458107054e+07
5.732851704715378582e+07
5.740645139654532820e+07
5.748439833605777472e+07
5.756235783630804718e+07
5.764032982231765985e+07
5.771831425691556931e+07
5.779631110608764738e+07
5.787432036092332006e+07
5.795234198252800107e+07
5.803037590865787119e+07
5.810842210165236890e+07
5.818648052730425447e+07
5.826455114866918325e+07
5.834263393178554624e+07
5.842072887780594081e+07
5.849883591205206513e+07
5.857695499732325971e+07
5.865508609967844933e+07
5.873322918229564279e+07
5.881138421085564047e+07
5.888955115080422908e+07
5.896772996518760175e+07
5.904592061997278780e+07
5.912412308095370233e+07
5.920233731132999063e+07
5.928056327688840777e+07
5.935880094289927185e+07
5.943705027544873208e+07
5.951531123796302080e+07
5.959358379647441208e+07
5.967186791625414044e+07
5.975016356284902245e+07
5.982847070253358036e+07
5.990678929899144173e+07
5.998511931853514165e+07
6.006346072667418420e+07
6.014181348902600259e+07
6.022017757135038078e+07
6.029855293929814547e+07
6.037693955855987966e+07
6.045533739487486333e+07
6.053374641403000802e+07
6.061216658185862750e+07
6.069059786424625665e+07
6.076904022719439864e+07
6.084749365698274970e+07
6.092595812389773875e+07
6.100443357219430059e+07
6.108291996796019375e+07
6.116141727732346952e+07
6.123992546645179391e+07
6.131844450155139714e+07
6.139697439426863194e+07
6.147551508413789421e+07
6.155406652172622085e+07
6.163262867339942604e+07
6.171120150555831939e+07
6.178978502744939923e+07
6.186837919777153432e+07
6.194698395095364749e+07
6.202559925354110450e+07
6.210422508885966986e+07
6.218286147894971818e+07
6.226150832129009068e+07
6.234016558163588494e+07
6.241883326148139685e+07
6.249751136100802571e+07
6.257619978183802217e+07
6.265489849266706407e+07
6.273360754862295836e+07
6.281232684978591651e+07
6.289105634280636907e+07
6.296979606652375311e+07
6.304854596707370877e+07
6.312730596352219582e+07
6.320607609773855656e+07
6.328485631771387905e+07
6.336364653888591379e+07
6.344244682856392115e+07
6.352125709090968966e+07
6.360007726629994810e+07
6.367890745046065003e+07
6.375774747897924483e+07
6.383659738844703138e+07
6.391545715633276850e+07
6.399432667668813467e+07
6.407320606632751971e+07
6.415209514242471009e+07
6.423099398101137578e+07
6.430990249863907695e+07
6.438882067266828567e+07
6.446774851362460852e+07
6.454668591715431958e+07
6.462563296392962337e+07
6.470458948760416359e+07
6.478355562285301834e+07
6.486253116585978121e+07
6.494151626743296534e+07
6.502051071916881204e+07
6.509951467229583859e+07
6.517852791715187579e+07
6.525755061513867229e+07
6.533658255458401144e+07
6.541562387414772063e+07
6.549467440098363161e+07
6.557373422567389905e+07
6.565280323484204710e+07
6.573188144866336137e+07
6.581096883541604877e+07
6.589006532279489934e+07
6.596917098166334629e+07
6.604828565509922057e+07
6.612740945394293219e+07
6.620654224515420943e+07
6.628568403211896122e+07
6.636483483709206432e+07
6.644399453291159123e+07
6.652316321219123155e+07
6.660234076806765050e+07
6.668152715122953802e+07
6.676072246367009729e+07
6.683992654438705742e+07
6.691913940399935097e+07
6.699836108893760294e+07
6.707759146940370649e+07
6.715683055699828267e+07
6.723607838881848752e+07
6.731533484489428997e+07
6.739459991375181079e+07
6.747387367101024091e+07
6.755315597843216360e+07
6.763244681490381062e+07
6.771174624143415689e+07
6.779105418011713028e+07
6.787037057377350330e+07
6.794969541172017157e+07
6.802902875904373825e+07
6.810837048987841606e+07
6.818772058405375481e+07
6.826707902998529375e+07
6.834644587789787352e+07
6.842582101834666729e+07
6.850520442669662833e+07
6.858459607975229621e+07
6.866399602199967206e+07
6.874340418601129949e+07
6.882282052630418539e+07
6.890224501774144173e+07
6.898167764043621719e+07
6.906111842628253996e+07
6.914056731656648219e+07
6.922002426755163074e+07
6.929948925526855886e+07
6.937896225765508413e+07
6.945844325411480665e+07
6.953793226774771512e+07
6.961742924489846826e+07
6.969693414401446283e+07
6.977644694551891088e+07
6.985596762448388338e+07
6.993549616135817766e+07
7.001503253127278388e+07
7.009457671362510324e+07
7.017412873031881452e+07
7.025368851434014738e+07
7.033325604167181253e+07
7.041283129211156070e+07
7.049241424055977166e+07
7.057200486701063812e+07
7.065160314984396100e+07
7.073120906562040746e+07
7.081082259284342825e+07
7.089044371029250324e+07
7.097007239689686894e+07
7.104970862856519222e+07
7.112935238493967056e+07
7.120900364370509982e+07
7.128866238509576023e+07
7.136832858420163393e+07
7.144800222149540484e+07
7.152768327901835740e+07
7.160737172827859223e+07
7.168706754817108810e+07
7.176677071757936478e+07
7.184648121482895315e+07
7.192619902386601269e+07
7.200592411931411922e+07
7.208565648027342558e+07
7.216539608456437290e+07
7.224514291133192182e+07
7.232489693909259140e+07
7.240465814596433938e+07
7.248442651134820282e+07
7.256420201348532736e+07
7.264398463083902001e+07
7.272377434279911220e+07
7.280357112756621838e+07
7.288337496385192871e+07
7.296318583100205660e+07
7.304300370728713274e+07
7.312282857151927054e+07
7.320266040488247573e+07
7.328249923258844018e+07
7.336234498742686212e+07
7.344219764892037213e+07
7.352205719561168551e+07
7.360192360617609322e+07
7.368179686022739112e+07
7.376167693654669821e+07
7.384156381376279891e+07
7.392145753594538569e+07
7.400135802655151486e+07
7.408126525812427700e+07
7.416117920961081982e+07
7.424109986069074273e+07
7.432102719028902054e+07
7.440096123306512833e+07
7.448090194564560056e+07
7.456084927720256150e+07
7.464080320667934418e+07
7.472076371303947270e+07
7.480073080865854025e+07
7.488070450909604132e+07
7.496068472723646462e+07
7.504067144084158540e+07
7.512066463184286654e+07
7.520066435065670311e+07
7.528067054757499695e+07
7.536068316017578542e+07
7.544070217030994594e+07
7.552072760198356211e+07
7.560075946770749986e+07
7.568079767229291797e+07
7.576084219370099902e+07
7.584089306750984490e+07
7.592095029721246660e+07
7.600101378392748535e+07
7.608108350969150662e+07
7.616115956093439460e+07
7.624124184588006139e+07
7.632133031128337979e+07
7.640142497790272534e+07
7.648152589526286721e+07
7.656163293202808499e+07
7.664174607040722668e+07
7.672186544993221760e+07
7.680199089332208037e+07
7.688212237898984551e+07
7.696226003323906660e+07
7.704240371596837044e+07
7.712255338137000799e+07
7.720270916531047225e+07
7.728287092096604407e+07
7.736303860133686662e+07
7.744321237225762010e+07
7.752339203429862857e+07
7.760357760418239236e+07
7.768376917794643342e+07
7.776396658399380744e+07
7.784416990114763379e+07
7.792437911037112772e+07
7.800459409424397349e+07
7.808481501760275662e+07
7.816504169811043143e+07
7.824527417467291653e+07
7.832551248401308060e+07
7.840575647202351689e+07
7.848600632090027630e+07
7.856626183144618571e+07
7.864652307806660235e+07
7.872679004365164042e+07
7.880706262941202521e+07
7.888734097842726111e+07
7.896762487609910965e+07
7.904791451017045975e+07
7.912820968567506969e+07
7.920851050797674060e+07
7.928881689580017328e+07
7.936912884697167575e+07
7.944944637588809431e+07
7.952976939670722187e+07
7.961009800137393177e+07
7.969043203279767931e+07
7.977077164221388102e+07
7.985111662536917627e+07
7.993146717299215496e+07
8.001182304917579889e+07
8.009218446859131753e+07
8.017255117926678061e+07
8.025292339978526533e+07
8.033330088657464087e+07
8.041368384199589491e+07
8.049407204668140411e+07
8.057446566944789886e+07
8.065486453396834433e+07
8.073526875810548663e+07
8.081567822455565631e+07
8.089609297974452376e+07
8.097651299036777020e+07
8.105693821082742512e+07
8.113736870801955462e+07
8.121780432658480108e+07
8.129824525289110839e+07
8.137869124742060900e+07
8.145914250060546398e+07
8.153959884029038250e+07
8.162006032702729106e+07
8.170052695479558408e+07
8.178099860824717581e+07
8.186147546709856391e+07
8.194195730196487904e+07
8.202244425348965824e+07
8.210293623620919883e+07
8.218343319060833752e+07
8.226393526458953321e+07
8.234444224960596859e+07
8.242495426412650943e+07
8.250547125780560076e+07
8.258599312411798537e+07
8.266652005666711926e+07
8.274705184940904379e+07
8.282758852691616118e+07
8.290813019001325965e+07
8.298867666146688163e+07
8.306922802180650830e+07
8.314978428163190186e+07
8.323034531191137433e+07
8.331091121380576491e+07
8.339148195108228922e+07
8.347205742111621797e+07
8.355263772845204175e+07
8.363322282439619303e+07
8.371381261371588707e+07
8.379440718534705043e+07
8.387500652085281909e+07
8.395561051394693553e+07
8.403621921102303267e+07
8.411683266675011814e+07
8.419745074451260269e+07
8.427807343067657948e+07
8.435870088973933458e+07
8.443933293237428367e+07
8.451996954792933166e+07
8.460061081211371720e+07
8.468125670610001683e+07
8.476190713302823901e+07
8.484256208405207098e+07
8.492322169088560343e+07
8.500388581335511804e+07
8.508455442342051864e+07
8.516522751664826274e+07
8.524590521914845705e+07
8.532658737232550979e+07
8.540727396307216585e+07
8.548796497963809967e+07
8.556866056002905965e+07
8.564936054197607934e+07
8.573006491187879443e+07
8.581077366145743430e+07
8.589148687621173263e+07
8.597220448522093892e+07
8.605292643823528290e+07
8.613365272003084421e+07
8.621438333262468874e+07
8.629511837185071409e+07
8.637585770753785968e+07
8.645660132670725882e+07
8.653734921575415134e+07
8.661810137413832545e+07
8.669885789339928329e+07
8.677961865074896812e+07
8.686038363104057312e+07
8.694115282618898153e+07
8.702192622190956771e+07
8.710270386936020851e+07
8.718348574460880458e+07
8.726427178781282902e+07
8.734506198477263749e+07
8.742585632804545760e+07
8.750665480283622444e+07
8.758745743157404661e+07
8.766826423477537930e+07
8.774907513787829876e+07
8.782989012591102719e+07
8.791070919083790481e+07
8.799153231864976883e+07
8.807235950038670003e+07
8.815319073149600625e+07
8.823402606796762347e+07
8.831486542480617762e+07
8.839570878764408827e+07
8.847655614634488523e+07
8.855740749213160574e+07
8.863826281116229296e+07
8.871912209510894120e+07
8.879998532955165207e+07
8.888085250891791284e+07
8.896172368084208667e+07
8.904259876828092337e+07
8.912347776273925602e+07
8.920436065546558797e+07
8.928524743104319274e+07
8.936613808084560931e+07
8.944703259643475711e+07
8.952793096245014668e+07
8.960883317004576325e+07
8.968973921097353101e+07
8.977064907002682984e+07
8.985156273817130923e+07
8.993248020553357899e+07
9.001340148167508841e+07
9.009432654693812132e+07
9.017525537712629139e+07
9.025618796240839362e+07
9.033712428845238686e+07
9.041806434731222689e+07
9.049900812725447118e+07
9.057995561772747338e+07
9.066090681078127027e+07
9.074186169094246626e+07
9.082282024981820583e+07
9.090378247749799490e+07
9.098474836378178000e+07
9.106571789536567032e+07
9.114669106365801394e+07
9.122766785693362355e+07
9.130864826586644351e+07
9.138963227917249501e+07
9.147061988782791793e+07
9.155161107882367074e+07
9.163260584199148417e+07
9.171360416757284105e+07
9.179460604539059103e+07
9.187561146372124553e+07
9.195662041348540783e+07
9.203763288489373028e+07
9.211864886406989396e+07
9.219966834317322075e+07
9.228069131025780737e+07
9.236171775631494820e+07
9.244274766991294920e+07
9.252378104073330760e+07
9.260481785921065509e+07
9.268585811342306435e+07
9.276690182370695472e+07
9.284794895948114991e+07
9.292899950469550490e+07
9.301005344568292797e+07
9.309111077274595201e+07
9.317217147708451748e+07
9.325323554666008055e+07
9.333430297250977159e+07
9.341537374344494939e+07
9.349644784923842549e+07
9.357752528027081490e+07
9.365860602490368485e+07
9.373969007446408272e+07
9.382077741688500345e+07
9.390186809944802523e+07
9.398296206875365973e+07
9.406405930348987877e+07
9.414515979317900538e+07
9.422626352715259790e+07
9.430737049611486495e+07
9.438848068843600154e+07
9.446959409551919997e+07
9.455071070532634854e+07
9.463183053755636513e+07
9.471295361394369602e+07
9.479407986644554138e+07
9.487520928337447345e+07
9.495634185577057302e+07
9.503747757247892022e+07
9.511861642396460474e+07
9.519975839971764386e+07
9.528090355621019006e+07
9.536205185803240538e+07
9.544320325574885309e+07
9.552435773803670704e+07
9.560551529766452312e+07
9.568667592363166809e+07
9.576783960462373495e+07
9.584900644667248428e+07
9.593017633195547760e+07
9.601134924559326470e+07
9.609252517415384948e+07
9.617370411278818548e+07
9.625488604809123278e+07
9.633607110064661503e+07
9.641725913729310036e+07
9.649845014402309060e+07
9.657964410771295428e+07
9.666084102314776182e+07
9.674204094811901450e+07
9.682324388002093136e+07
9.690444973347608745e+07
9.698565849644440413e+07
9.706687016315735877e+07
9.714808478350876272e+07
9.722930238264957070e+07
9.731052285297913849e+07
9.739174618999336660e+07
9.747297237991078198e+07
9.755420152053244412e+07
9.763543355683253706e+07
9.771666842240555584e+07
9.779790610341291130e+07
9.787914661275073886e+07
9.796039007436019182e+07
9.804163632700113952e+07
9.812288535868960619e+07
9.820413715671581030e+07
9.828539187362360954e+07
9.836664937262509763e+07
9.844790961415943503e+07
9.852917258427044749e+07
9.861043842423766851e+07
9.869170703039500117e+07
9.877297833882451057e+07
9.885425234397457540e+07
9.893552919871409237e+07
9.901680877043630183e+07
9.909809101026213169e+07
9.917937591098137200e+07
9.926066366985969245e+07
9.934195407061018050e+07
9.942324709982776642e+07
9.950454282981139421e+07
9.958584131698368490e+07
9.966714240412914753e+07
9.974844608676575124e+07
9.982975254193542898e+07
9.991106161313202977e+07
9.999237325324273109e+07
1.000736875369627774e+08
1.001550045207197368e+08
1.002363240433753580e+08
1.003176461013663411e+08
1.003989709210692942e+08
1.004802982497127950e+08
1.005616280830336362e+08
1.006429606070334166e+08
1.007242956723808050e+08
1.008056332117789984e+08
1.008869733784092516e+08
1.009683161051596701e+08
1.010496612786147743e+08
1.011310090298803598e+08
1.012123593422958255e+08
1.012937120780749470e+08
1.013750673564152569e+08
1.014564251849424243e+08
1.015377854052667916e+08
1.016191481595301479e+08
1.017005134264527410e+08
1.017818810623736084e+08
1.018632512329109311e+08
1.019446238691297472e+08
1.020259988434661478e+08
1.021073763792014569e+08
1.021887563073633760e+08
1.022701385514271855e+08
1.023515233931050301e+08
1.024329105423697829e+08
1.025143000488377661e+08
1.025956920761593133e+08
1.026770863758587390e+08
1.027584830985619873e+08
1.028398822303918451e+08
1.029212836036010087e+08
1.030026874924411476e+08
1.030840936518664211e+08
1.031655021095604748e+08
1.032469130268418789e+08
1.033283261434850544e+08
1.034097416785332412e+08
1.034911595049865842e+08
1.035725795529079884e+08
1.036540020629981607e+08
1.037354267283763438e+08
1.038168537654775083e+08
1.038982830668825656e+08
1.039797145587615222e+08
1.040611484696043134e+08
1.041425844923479557e+08
1.042240228835849464e+08
1.043054634699339420e+08
1.043869062638654411e+08
1.044683513795666099e+08
1.045497985693354011e+08
1.046312481758678406e+08
1.047126998499144912e+08
1.047941538042513579e+08
1.048756099373600185e+08
1.049570682142472714e+08
1.050385287781480700e+08
1.051199913583150357e+08
1.052014563217615187e+08
1.052829232813593745e+08
1.053643925201800615e+08
1.054458638342232108e+08
1.055273373232136816e+08
1.056088129634576887e+08
1.056902906773194969e+08
1.057717706169589907e+08
1.058532525375961959e+08
1.059347367469579428e+08
1.060162228754062355e+08
1.060977113038415760e+08
1.061792016563695222e+08
1.062606942337904423e+08
1.063421887839711010e+08
1.064236854933136553e+08
1.065051842109379023e+08
1.065866850274995118e+08
1.066681878858733624e+08
1.067496927897892296e+08
1.068311997614377737e+08
1.069127087331679165e+08
1.069942197865092009e+08
1.070757328036886901e+08
1.071572479139256328e+08
1.072387649573526084e+08
1.073202840927156061e+08
1.074018051400393248e+08
1.074833282736363113e+08
1.075648533080336750e+08
1.076463804127206355e+08
1.077279094075208157e+08
1.078094404540313631e+08
1.078909733922817409e+08
1.079725083538128883e+08
1.080540452161662132e+08
1.081355840631420016e+08
1.082171248253706396e+08
1.082986675314595103e+08
1.083802121749442071e+08
1.084617587103130221e+08
1.085433072147556096e+08
1.086248575555882305e+08
1.087064099010203779e+08
1.087879640131268054e+08
1.088695201783821583e+08
1.089510780373633951e+08
1.090326380036004931e+08
1.091141996476127207e+08
1.091957633262383789e+08
1.092773287437756360e+08
1.093588961023208052e+08
1.094404652692463845e+08
1.095220362786163688e+08
1.096036091759185940e+08
1.096851838087260425e+08
1.097667604181355685e+08
1.098483386671482623e+08
1.099299189470011145e+08
1.100115008779098690e+08
1.100930847142664045e+08
1.101746703088452220e+08
1.102562576764428616e+08
1.103378469136255682e+08
1.104194377788893133e+08
1.105010306392280012e+08
1.105826251017124951e+08
1.106642214425516129e+08
1.107458194998139590e+08
1.108274192739885300e+08
1.109090209061685205e+08
1.109906241200078130e+08
1.110722292757516950e+08
1.111538360369123369e+08
1.112354445596821010e+08
1.113170548477646261e+08
1.113986667103818506e+08
1.114802805073215216e+08
1.115618958568357527e+08
1.116435129679865390e+08
1.117251317972973138e+08
1.118067521811487973e+08
1.118883744714775383e+08
1.119699982943982631e+08
1.120516238339181393e+08
1.121332510900121778e+08
1.122148798662684262e+08
1.122965105053864419e+08
1.123781426873320788e+08
1.124597764953934997e+08
1.125414120641584694e+08
1.126230491334248781e+08
1.127046879486601502e+08
1.127863283763431311e+08
1.128679702908498943e+08
1.129496140586886704e+08
1.130312593075171560e+08
1.131129061395233274e+08
1.131945547009025961e+08
1.132762047312544286e+08
1.133578564228674471e+08
1.134395097383086383e+08
1.135211645117373616e+08
1.136028210100403428e+08
1.136844790421026945e+08
1.137661385203009248e+08
1.138477997681298405e+08
1.139294624772921354e+08
1.140111266475235224e+08
1.140927925691443980e+08
1.141744599178201705e+08
1.142561287483805418e+08
1.143377992828270346e+08
1.144194712326949388e+08
1.145011446689070314e+08
1.145828197747721672e+08
1.146644962870612890e+08
1.147461742749972492e+08
1.148278539198775887e+08
1.149095349578515887e+08
1.149912174444515854e+08
1.150729015880588293e+08
1.151545871108608097e+08
1.152362740417603999e+08
1.153179626457727849e+08
1.153996526202238202e+08
1.154813439621413052e+08
1.155630369692341387e+08
1.156447313538358808e+08
1.157264270972273052e+08
1.158081244265156090e+08
1.158898231884326786e+08
1.159715232954620421e+08
1.160532248904540092e+08
1.161349279894754291e+08
1.162166324225514531e+08
1.162983382348408401e+08
1.163800456343035549e+08
1.164617543546383530e+08
1.165434643975970894e+08
1.166251759917739183e+08
1.167068889671358764e+08
1.167886032516253889e+08
1.168703189361495674e+08
1.169520361268363744e+08
1.170337546157477498e+08
1.171154743996388912e+08
1.171971957086757720e+08
1.172789183654521406e+08
1.173606423066899627e+08
1.174423675898236334e+08
1.175240943756300658e+08
1.176058224376557618e+08
1.176875517701399028e+08
1.177692825221028477e+08
1.178510146656819135e+08
1.179327480715642124e+08
1.180144827340072244e+08
1.180962188668408692e+08
1.181779563070756942e+08
1.182596949957989454e+08
1.183414349272853136e+08
1.184231763507692516e+08
1.185049190297821462e+08
1.185866629411501586e+08
1.186684080817347020e+08
1.187501547114202082e+08
1.188319025665394664e+08
1.189136516403321773e+08
1.189954019270825833e+08
1.190771536780027449e+08
1.191589066489614993e+08
1.192406608223909885e+08
1.193224162004078478e+08
1.194041729825556129e+08
1.194859310067759454e+08
1.195676902251678407e+08
1.196494506320534050e+08
1.197312123555200547e+08
1.198129753785425276e+08
1.198947395796915442e+08
1.199765049532892853e+08
1.200582715361326188e+08
1.201400394959435314e+08
1.202218086179336309e+08
1.203035789043364823e+08
1.203853503494919240e+08
1.204671230919976234e+08
1.205488970811092854e+08
1.206306722187038660e+08
1.207124484991175234e+08
1.207942259246383905e+08
1.208760046999429315e+08
1.209577846298331469e+08
1.210395656919777393e+08
1.211213478807258606e+08
1.212031312162925601e+08
1.212849158771584481e+08
1.213667016597816646e+08
1.214484885585341603e+08
1.215302765677759051e+08
1.216120657008500546e+08
1.216938561428945959e+08
1.217756476906595081e+08
1.218574403385267407e+08
1.219392340808651894e+08
1.220210289200936705e+08
1.221028250183328688e+08
1.221846222440778464e+08
1.222664205539919436e+08
1.223482199424511641e+08
1.224300204119202793e+08
1.225118220264713466e+08
1.225936248434441686e+08
1.226754287260399014e+08
1.227572336767499000e+08
1.228390396872701943e+08
1.229208467601064742e+08
1.230026550138737708e+08
1.230844643855685145e+08
1.231662748096560240e+08
1.232480862778214663e+08
1.233298987926199138e+08
1.234117123457378745e+08
1.234935270570248961e+08
1.235753428659556359e+08
1.236571597087744474e+08
1.237389775771675259e+08
1.238207964737352878e+08
1.239026163901643902e+08
1.239844373801891357e+08
1.240662595068597347e+08
1.241480826490416229e+08
1.242299067984193712e+08
1.243117319576414078e+08
1.243935581183920056e+08
1.244753852833366394e+08
1.245572135341836065e+08
1.246390428570490777e+08
1.247208731688583940e+08
1.248027044723110497e+08
1.248845367590796500e+08
1.249663700318295658e+08
1.250482042822224498e+08
1.251300395626349002e+08
1.252118759187089652e+08
1.252937132482593805e+08
1.253755515429507345e+08
1.254573908055481166e+08
1.255392310277136564e+08
1.256210722094502002e+08
1.257029143507618010e+08
1.257847575155313015e+08
1.258666017037708163e+08
1.259484468364000767e+08
1.260302929162383825e+08
1.261121399349496961e+08
1.261939878953741938e+08
1.262758367891725898e+08
1.263576866164046675e+08
1.264395373771329969e+08
1.265213891847667992e+08
1.266032419272395670e+08
1.266850955880817026e+08
1.267669501701098233e+08
1.268488056648533344e+08
1.269306620724052489e+08
1.270125193928633332e+08
1.270943776178826839e+08
1.271762367503953725e+08
1.272580968242187351e+08
1.273399578704199493e+08
1.274218198146640509e+08
1.275036826486056149e+08
1.275855463752209544e+08
1.276674109861593992e+08
1.277492764815814644e+08
1.278311428616532832e+08
1.279130101180307716e+08
1.279948782537204325e+08
1.280767472601161748e+08
1.281586171716742069e+08
1.282404880189877898e+08
1.283223597275604904e+08
1.284042322975929230e+08
1.284861057292926162e+08
1.285679800143034309e+08
1.286498551528469175e+08
1.287317311451522112e+08
1.288136079828689545e+08
1.288954856691100746e+08
1.289773641955190301e+08
1.290592435622724146e+08
1.291411237692667991e+08
1.292230048080915660e+08
1.293048867575402707e+08
1.293867695393556654e+08
1.294686531437778175e+08
1.295505375710973591e+08
1.296324228216148317e+08
1.297143088869681656e+08
1.297961957674732357e+08
1.298780834634564221e+08
1.299599719664729387e+08
1.300418612763755023e+08
1.301237513905207068e+08
1.302056423092442602e+08
1.302875340241844356e+08
1.303694265356927067e+08
1.304513198441327363e+08
1.305332139411475956e+08
1.306151088271172345e+08
1.306970045024343133e+08
1.307789009957214147e+08
1.308607982844122797e+08
1.309426963497479111e+08
1.310245951921309680e+08
1.311064948032000959e+08
1.311883951833750606e+08
