2.081800291433558991e-01
4.179254583613153606e+00
6.518982899444611512e+00
8.457161267395584048e+00
1.026527231544682195e+01
1.199536309371195308e+01
1.363026965906663968e+01
1.523410566876247607e+01
1.681958705430396961e+01
1.838826603088554279e+01
1.993670043949511950e+01
2.145870421687747154e+01
2.294670094171453201e+01
2.439256408118801644e+01
2.578815248522099779e+01
2.712565993473561576e+01
2.839784709048378275e+01
2.959819500474766230e+01
3.072100466945166275e+01
3.176145631565409033e+01
3.271563795842579481e+01
3.358054957273275676e+01
3.435408582484571838e+01
3.503500194141456348e+01
3.562286519993867273e+01
3.611799565826706981e+01
3.652139914644967433e+01
3.683469567743112805e+01
3.706004792187786734e+01
3.720009061141332296e+01
3.725786644057185981e+01
3.723676741443382809e+01
3.714048522747217618e+01
3.697296985281134596e+01
3.673839511587280526e+01
3.644113168526170199e+01
3.608572353743477379e+01
3.567686747025691574e+01
3.521939127473590503e+01
3.471823088982441163e+01
3.417840202091595359e+01
3.360496698938406013e+01
3.300299678891132515e+01
3.237752613303830884e+01
3.173350595621070624e+01
3.107575300183745526e+01
3.040889932461315937e+01
2.973734418470090191e+01
2.906521054218421440e+01
2.839630744688884434e+01
2.773410070622265522e+01
2.708169233271880216e+01
2.644180847178896698e+01
2.581679729288566350e+01
2.520863362974915134e+01
2.461893240448377895e+01
2.404896656462660331e+01
2.349969099780167880e+01
2.297176890431409646e+01
2.246560052173458999e+01
2.198135323430784993e+01
2.151899070984929452e+01
2.107830255681021114e+01
2.065893136872038127e+01
2.026039865012272045e+01
1.988212824022431846e+01
1.952346792924485541e+01
1.918370817162150743e+01
1.886209840175621011e+01
1.855786222401142638e+01
1.827020858458445218e+01
1.799834315751288472e+01
1.774147611138300462e+01
1.749882935011637386e+01
1.726964208433216186e+01
1.705317518479265715e+01
1.684871448546872230e+01
1.665557288405653225e+01
1.647309240964382226e+01
1.630064484628794119e+01
1.613763230342764388e+01
1.598348730476118362e+01
1.583767232731251795e+01
1.569967948847470751e+01
1.556902931487486796e+01
1.544527025319896474e+01
1.532797733448141031e+01
1.521675106469034056e+01
1.511121633067524428e+01
1.501102116848087320e+01
1.491583530110121458e+01
1.482534949546574765e+01
1.473927369967056400e+01
1.465733656751059044e+01
1.457928384447895986e+01
1.450487750702743384e+01
1.443389481469476365e+01
1.436612718827649537e+01
1.430137951289184528e+01
1.423946894141871056e+01
1.418022450627324460e+01
1.412348601419444272e+01
1.406910343574000066e+01
1.401693625067854221e+01
1.396685281737670614e+01
1.391872980011533301e+01
1.387245155240325190e+01
1.382790960914502776e+01
1.378500223123009505e+01
1.374363405993649501e+01
1.370371552214515454e+01
1.366516248115925158e+01
1.362789594117280423e+01
1.359184170574093464e+01
1.355693005950492491e+01
1.352309547272853862e+01
1.349027614485823534e+01
1.345841418449192695e+01
1.342745480651577239e+01
1.339734671646482767e+01
1.336804143902960718e+01
1.333949330783136844e+01
1.331165928690829325e+01
1.328449880431103658e+01
1.325797359753018689e+01
1.323204756882599220e+01
1.320668665151185017e+01
1.318185868429741348e+01
1.315753319075026795e+01
1.313368150046152394e+01
1.311027655982801754e+01
1.308729251140444028e+01
1.306470533136695700e+01
1.304249185322324500e+01
1.302063056871772773e+01
1.299910074585284292e+01
1.297788305831963207e+01
1.295695909212138197e+01
1.293631126401671416e+01
1.291592319021628477e+01
1.289577920350646068e+01
1.287586440061103588e+01
1.285616471756111601e+01
1.283666687475822776e+01
1.281735822458686158e+01
1.279822677377558016e+01
1.277926113976050537e+01
1.276045048470512633e+01
1.274178463742119582e+01
1.272325388742291530e+01
1.270484902133749472e+01
1.268656129684816136e+01
1.266838241812228283e+01
1.265030451282409985e+01
1.263232011018743428e+01
1.261442212065328761e+01
1.259660381636507509e+01
1.257885881303246833e+01
1.256118105266583385e+01
1.254356478735032709e+01
1.252600456374077531e+01
1.250849520125162329e+01
1.249103179739328162e+01
1.247360970324650609e+01
1.245622450650937019e+01
1.243887202456555841e+01
1.242154829322273457e+01
1.240424955666693840e+01
1.238697225719805495e+01
1.236971302628034053e+01
1.235246867528368497e+01
1.233523618743291372e+01
1.231801270957704020e+01
1.230079554474073866e+01
1.228358214490673816e+01
1.226637010418661333e+01
1.224915715233198910e+01
1.223194114857448334e+01
1.221472007576039509e+01
1.219749203477726063e+01
1.218025523925113518e+01
1.216300801047000135e+01
1.214574877266433006e+01
1.212847604833980952e+01
1.211118845391714594e+01
1.209388469566440349e+01
1.207656356562354816e+01
1.205922393794116410e+01
1.204186474241901195e+01
1.202448500893464889e+01
1.200708385468281847e+01
1.198966044743858284e+01
1.197221402072370644e+01
1.195474387073752887e+01
1.193724935373840701e+01
1.191972988339658990e+01
1.190218492833212593e+01
1.188461397427733779e+01
1.186701659486658578e+01
1.184939243972646139e+01
1.183174117434213102e+01
1.181406250809800262e+01
1.179635619247351919e+01
1.177862199936434173e+01
1.176085971176446598e+01
1.174306926062155476e+01
1.172525054815652901e+01
1.170740351010682190e+01
1.168952809912823199e+01
1.167162424199474735e+01
1.165369205090679472e+01
1.163573158195048407e+01
1.161774291804508152e+01
1.159972607621113028e+01
1.158168125397846637e+01
1.156360863145120987e+01
1.154550838707388927e+01
1.152738060330766778e+01
1.150922560383718363e+01
1.149104363854386968e+01
1.147283491052815840e+01
1.145459966364141735e+01
1.143633827266628167e+01
1.141805102397876581e+01
1.139973813318501605e+01
1.138140006293444806e+01
1.136303714686232347e+01
1.134464962382027231e+01
1.132623800871690456e+01
1.130780264737765428e+01
1.128934385356495618e+01
1.127086215971690564e+01
1.125235789012984533e+01
1.123383148464785641e+01
1.121528345975737118e+01
1.119671408549337599e+01
1.117812397864271468e+01
1.115951351629726140e+01
1.114088315543251184e+01
1.112223344784329626e+01
1.110356471383376764e+01
1.108487761327071830e+01
1.106617247319832131e+01
1.104744990792536896e+01
1.102871033576694515e+01
1.100995429008205839e+01
1.099118227464964015e+01
1.097239476398985758e+01
1.095359232273336936e+01
1.093477538845511177e+01
1.091594456253579004e+01
1.089710026694987910e+01
1.087824311646093101e+01
1.085937353846648712e+01
1.084049213802208200e+01
1.082159936880242945e+01
1.080269580358179660e+01
1.078378194271870427e+01
1.076485830469584037e+01
1.074592545656781795e+01
1.072698384109909853e+01
1.070803411145640105e+01
1.068907661393453346e+01
1.067011205650200800e+01
1.065114081983530880e+01
1.063216351454843611e+01
1.061318064524858862e+01
1.059419267514185847e+01
1.057520024058443120e+01
1.055620369972955608e+01
1.053720370405189755e+01
1.051820072720796695e+01
1.049919522560362850e+01
1.048018782082545997e+01
1.046117890239173498e+01
1.044216904382236066e+01
1.042315879515573052e+01
1.040414850113056566e+01
1.038513881142123729e+01
1.036613020154478093e+01
1.034712305613077099e+01
1.032811799528219687e+01
1.030911547561965591e+01
1.029011589428804641e+01
1.027111984908473552e+01
1.025212779835839960e+01
1.023314011535879509e+01
1.021415739293074765e+01
1.019518009883797660e+01
1.017620857354414987e+01
1.015724339563149137e+01
1.013828503161903427e+01
1.011933386125391543e+01
1.010039035955095166e+01
1.008145502631104939e+01
1.006252829540411931e+01
1.004361050717828974e+01
1.002470220981084914e+01
1.000580383617043267e+01
9.986915770100504020e+00
9.968038414748708220e+00
9.949172261120718730e+00
9.930317726897229136e+00
9.911475170523415201e+00
9.892645006897611282e+00
9.873827694733227744e+00
9.855023636238708917e+00
9.836233187682211110e+00
9.817456727709004127e+00
9.798694706444253555e+00
9.779947510381415299e+00
9.761215515054495029e+00
9.742499018587741588e+00
9.723798484539777576e+00
9.705114283451834467e+00
9.686446781911680404e+00
9.667796301469742559e+00
9.649163194649522879e+00
9.630547864172500638e+00
9.611950660615001141e+00
9.593371930405936610e+00
9.574811970558945617e+00
9.556271128068354770e+00
9.537749775237772454e+00
9.519248242380347946e+00
9.500766855760399920e+00
9.482305914880388542e+00
9.463865707110436176e+00
9.445446601689509336e+00
9.427048908774054325e+00
9.408672934682074995e+00
9.390318981865663162e+00
9.371987300662814491e+00
9.353678210916624991e+00
9.335392026760054307e+00
9.317129034728157677e+00
9.298889517603557309e+00
9.280673754083874627e+00
9.262481976573553766e+00
9.244314475583482960e+00
9.226171542273533532e+00
9.208053439943581608e+00
9.189960428047863061e+00
9.171892762360617013e+00
9.153850684332617504e+00
9.135834402171774116e+00
9.117844211604213100e+00
9.099880353298892999e+00
9.081943064232270046e+00
9.064032577901887322e+00
9.046149123858642227e+00
9.028292914384918433e+00
9.010464142625533412e+00
8.992663071055600810e+00
8.974889914904590427e+00
8.957144885813136170e+00
8.939428191878567631e+00
8.921740037684671165e+00
8.904080624439938418e+00
8.886450104643284220e+00
8.868848710252960288e+00
8.851276639969974269e+00
8.833734081260217863e+00
8.816221218192913156e+00
8.798738231554329658e+00
8.781285298636358760e+00
8.763862591812364045e+00
8.746470235280582983e+00
8.729108445386771109e+00
8.711777386539576895e+00
8.694477219891480146e+00
8.677208103410293916e+00
8.659970191912405468e+00
8.642763637179577074e+00
8.625588587965738796e+00
8.608445148286888227e+00
8.591333495993163538e+00
8.574253777016854983e+00
8.557206127970697906e+00
8.540190682453378201e+00
8.523207571191548482e+00
8.506256921803881710e+00
8.489338859187730790e+00
8.472453483706877009e+00
8.455600911169916856e+00
8.438781283184034976e+00
8.421994713300012592e+00
8.405241312339338577e+00
8.388521188276625296e+00
8.371834446625070925e+00
8.355181190160518412e+00
8.338561518938636397e+00
8.321975485560397345e+00
8.305423228530163016e+00
8.288904841362883857e+00
8.272420413877553003e+00
8.255970033313484890e+00
8.239553784454077601e+00
8.223171749570946432e+00
8.206824008495562595e+00
8.190510613120704164e+00
8.174231642762697092e+00
8.157987191266911964e+00
8.141777329037473976e+00
8.125602123989803971e+00
8.109461641936254850e+00
8.093355946141770119e+00
8.077285097874160158e+00
8.061249141194219092e+00
8.045248115283033741e+00
8.029282107392528900e+00
8.013351169894715298e+00
7.997455353195320527e+00
7.981594705528457290e+00
7.965769273144908347e+00
7.949979100254608078e+00
7.934224210624297946e+00
7.918504632039351065e+00
7.902820433242649933e+00
7.887171650430973457e+00
7.871558317938185390e+00
7.855980468140272066e+00
7.840438131685497858e+00
7.824931337251077146e+00
7.809460071510741841e+00
7.794024388201671982e+00
7.778624321540402065e+00
7.763259893094817343e+00
7.747931122605387522e+00
7.732638027991026064e+00
7.717380625664360672e+00
7.702158900290998922e+00
7.686972870804336111e+00
7.671822572070118085e+00
7.656708013663725332e+00
7.641629203834998663e+00
7.626586149013634852e+00
7.611578854324569043e+00
7.596607283881640527e+00
7.581671461769142084e+00
7.566771405147302509e+00
7.551907112851403703e+00
7.537078582512621416e+00
7.522285810185313615e+00
7.507528778940081970e+00
7.492807446532606441e+00
7.478121851685969546e+00
7.463471984821871352e+00
7.448857835109429004e+00
7.434279390458741865e+00
7.419736635681331016e+00
7.405229498327359217e+00
7.390758021667802602e+00
7.376322188512459022e+00
7.361921980418671296e+00
7.347557377709484250e+00
7.333228348963019450e+00
7.318934829176399148e+00
7.304676848430410985e+00
7.290454382482641549e+00
7.276267405964537360e+00
7.262115892380970550e+00
7.247999775157026647e+00
7.233919036372362221e+00
7.219873674041680900e+00
7.205863657418813517e+00
7.191888954772448272e+00
7.177949515533119218e+00
7.164045271817045091e+00
7.150176240504670488e+00
7.136342385774278263e+00
7.122543671068981119e+00
7.108780046872839264e+00
7.095051425945776202e+00
7.081357829171257556e+00
7.067699216206045243e+00
7.054075546097386074e+00
7.040486755468704061e+00
7.026932768949015085e+00
7.013413596397393590e+00
6.999929193357157686e+00
6.986479514424956960e+00
6.973064467004619793e+00
6.959684019638540775e+00
6.946338155683983828e+00
6.933026826861956593e+00
6.919749976641354827e+00
6.906507489985843407e+00
6.893299388807220929e+00
6.880125622003915531e+00
6.866986137628864562e+00
6.853880821136209001e+00
6.840809660485324351e+00
6.827772622532706670e+00
6.814769652924440813e+00
6.801800649143427968e+00
6.788865565019420067e+00
6.775964381860797303e+00
6.763097042997601172e+00
6.750263446960357960e+00
6.737463535713151153e+00
6.724697294452169238e+00
6.711964664178299067e+00
6.699265533684301666e+00
6.686599855891738109e+00
6.673967608474239199e+00
6.661368730551129325e+00
6.648803089813629441e+00
6.636270672578017837e+00
6.623771438203952755e+00
6.611305317814876403e+00
6.598872165009041169e+00
6.586472004538287628e+00
6.574104772291836873e+00
6.561770358499381395e+00
6.549468690807490390e+00
6.537199755790356726e+00
6.524963487540909490e+00
6.512759724257100480e+00
6.500588490656118879e+00
6.488449723504573718e+00
6.476343300158206695e+00
6.464269162142467273e+00
6.452227287386842036e+00
6.440217585247492771e+00
6.428239928078952836e+00
6.416294327930565977e+00
6.404380715685635828e+00
6.392498919839084692e+00
6.380648968023075795e+00
6.368830794214850322e+00
6.357044243531826844e+00
6.345289306111353334e+00
6.333565934416299115e+00
6.321873983441657074e+00
6.310213419546940372e+00
6.298584207040535787e+00
6.286986203806333329e+00
6.275419366111012032e+00
6.263883663204990349e+00
6.252378949379091999e+00
6.240905184432538277e+00
6.229462335972016263e+00
6.218050247630728222e+00
6.206668896867647334e+00
6.195318242588403024e+00
6.183998111157192668e+00
6.172708511250955432e+00
6.161449382101600314e+00
6.150220538928826919e+00
6.139022022169372761e+00
6.127853724911850541e+00
6.116715516935083308e+00
6.105607411655462613e+00
6.094529266746357088e+00
6.083481020042809995e+00
6.072462651508539366e+00
6.061473976574760059e+00
6.050515014484739496e+00
6.039585673218360817e+00
6.028685814849468194e+00
6.017815458041527954e+00
6.006974442492226451e+00
5.996162734447200826e+00
5.985380285985203663e+00
5.974626922383797556e+00
5.963902681901265268e+00
5.953207408981032955e+00
5.942541056221666729e+00
5.931903580817865951e+00
5.921294810539393438e+00
5.910714783637204484e+00
5.900163330387550253e+00
5.889640428051149179e+00
5.879146000813754824e+00
5.868679917132041624e+00
5.858242196326980178e+00
5.847832635188770389e+00
5.837451274432400972e+00
5.827097966963465048e+00
5.816772660196731337e+00
5.806475296828295996e+00
5.796205738014939435e+00
5.785964009181349788e+00
5.775749892988998546e+00
5.765563453957950557e+00
5.755404510127624107e+00
5.745273055176476795e+00
5.735168974949020004e+00
5.725092198548390243e+00
5.715042673255780414e+00
5.705020270213735145e+00
5.695024991675936121e+00
5.685056657200460606e+00
5.675115316914798314e+00
5.665200747469707920e+00
5.655313019991954349e+00
5.645451929722727691e+00
5.635617511370107025e+00
5.625809593660695995e+00
5.616028181269746788e+00
5.606273129940393396e+00
5.596544420698863043e+00
5.586841930365496367e+00
5.577165622160711322e+00
5.567515387876089683e+00
5.557891179365504364e+00
5.548292896998892942e+00
5.538720487274201965e+00
5.529173853520314097e+00
5.519652942682033547e+00
5.510157654801687954e+00
5.500687943589799289e+00
5.491243699693748148e+00
5.481824889727898942e+00
5.472431388568342214e+00
5.463063182013278229e+00
5.453720123522066920e+00
5.444402223501462856e+00
5.435109308177417553e+00
5.425841418751331524e+00
5.416598348300293964e+00
5.407380160479563713e+00
5.398186651274663461e+00
5.389017861660572173e+00
5.379873626806337406e+00
5.370753939337618021e+00
5.361658686262632756e+00
5.352587805973518797e+00
5.343541243188789203e+00
5.334518876011102861e+00
5.325520712813514024e+00
5.316546566016364217e+00
5.307596486971501548e+00
5.298670294528431413e+00
5.289767997647017772e+00
5.280889482641478949e+00
5.272034677848462358e+00
5.263203553344598440e+00
5.254395951851006608e+00
5.245611907958040554e+00
5.236851246260030734e+00
5.228113973661467462e+00
5.219399990429233860e+00
5.210709202917083616e+00
5.202041613164782419e+00
5.193397028353186506e+00
5.184775496200355605e+00
5.176176884763854069e+00
5.167601127254576099e+00
5.159048209568537047e+00
5.150517945047905499e+00
5.142010380848383022e+00
5.133525390859860593e+00
5.125062898773506070e+00
5.116622896146459709e+00
5.108205210262830143e+00
5.099809861715466575e+00
5.091436762934542948e+00
5.083085792088072985e+00
5.074756962682546835e+00
5.066450138917296009e+00
5.058165274053685323e+00
5.049902343587094222e+00
5.041661182808709896e+00
5.033441806925710083e+00
5.025244147059791722e+00
5.017068054635917207e+00
5.008913555216980562e+00
5.000780549074654857e+00
4.992668928269068829e+00
4.984578697622586319e+00
4.976509745516216832e+00
4.968461991886658602e+00
4.960435427033577760e+00
4.952429933912971372e+00
4.944445447484548950e+00
4.936481950144836262e+00
4.928539325724050180e+00
4.920617511363180263e+00
4.912716487945526289e+00
4.904836146289865972e+00
4.896976413525275795e+00
4.889137275322066323e+00
4.881318635306486797e+00
4.873520398565953649e+00
4.865742561532709232e+00
4.857985047205835016e+00
4.850247725847462554e+00
4.842530611078155189e+00
4.834833638325687133e+00
4.827156669250976861e+00
4.819499702368893246e+00
4.811862686624508001e+00
4.804245517082081918e+00
4.796648128984584147e+00
4.789070502659448003e+00
4.781512572319392085e+00
4.773974198625293042e+00
4.766455398693738132e+00
4.758956110269336293e+00
4.751476233422531337e+00
4.744015702096818998e+00
4.736574496678306545e+00
4.729152555279916292e+00
4.721749754880743666e+00
4.714366081235876749e+00
4.707001488248915066e+00
4.699655913833814758e+00
4.692329225656949987e+00
4.685021436457782684e+00
4.677732485751016966e+00
4.670462306564965083e+00
4.663210781388866799e+00
4.655977915325165917e+00
4.648763648391535774e+00
4.641567919306155865e+00
4.634390604534883273e+00
4.627231711531269553e+00
4.620091181540662895e+00
4.612968955497376733e+00
4.605864923153816903e+00
4.598779065253613574e+00
4.591711336718412362e+00
4.584661679722423777e+00
4.577630012458661746e+00
4.570616263002217572e+00
4.563620412702757534e+00
4.556642404092612786e+00
4.549682180018050026e+00
4.542739638804321523e+00
4.535814754825472583e+00
4.528907485720572446e+00
4.522017775047403987e+00
4.515145566540583744e+00
4.508290754428281311e+00
4.501453327530766657e+00
4.494633235707359731e+00
4.487830423526844470e+00
4.481044835763767331e+00
4.474276377898442014e+00
4.467525021755086811e+00
4.460790725734212536e+00
4.454073434990483804e+00
4.447373095310964253e+00
4.440689638931261563e+00
4.434022990227340699e+00
4.427373130855833061e+00
4.420740006952847523e+00
4.414123565253258441e+00
4.407523752188547306e+00
4.400940497199706591e+00
4.394373737672059299e+00
4.387823448438240348e+00
4.381289576755430737e+00
4.374772070180664052e+00
4.368270876319695795e+00
4.361785943081510908e+00
4.355317178202323447e+00
4.348864570463466528e+00
4.342428068513061845e+00
4.336007620923691519e+00
4.329603176547720977e+00
4.323214683961935201e+00
4.316842092419686416e+00
4.310485317329583843e+00
4.304144340270835478e+00
4.297819112991391854e+00
4.291509585477720989e+00
4.285215707377112437e+00
4.278937428949815214e+00
4.272674700601384323e+00
4.266427472593594672e+00
4.260195665347505489e+00
4.253979259393864787e+00
4.247778206628499476e+00
4.241592458407138722e+00
4.235421965868578553e+00
4.229266680461438277e+00
4.223126553657895244e+00
4.217001537509975861e+00
4.210891583813844541e+00
4.204796629128460417e+00
4.198716631464255222e+00
4.192651553649916707e+00
4.186601348284877844e+00
4.180565968133671539e+00
4.174545366125572698e+00
4.168539495354221636e+00
4.162548309077211073e+00
4.156571760715610964e+00
4.150609803995481961e+00
4.144662392379588667e+00
4.138729479917877541e+00
4.132811006451960978e+00
4.126906936424409977e+00
4.121017228678826250e+00
4.115141837904350730e+00
4.109280718949392508e+00
4.103433826389061068e+00
4.097601115529413640e+00
4.091782541264333162e+00
4.085978059227488579e+00
4.080187624619344255e+00
4.074411193371354933e+00
4.068648721133236279e+00
4.062900163705553958e+00
4.057165477486523564e+00
4.051444618625017924e+00
4.045737543391399349e+00
4.040044208640729551e+00
4.034364570940372374e+00
4.028698587204310400e+00
4.023046209747014323e+00
4.017407397299835203e+00
4.011782110899640763e+00
4.006170308091550503e+00
4.000571946503316489e+00
3.994986983890838061e+00
3.989415378249599797e+00
3.983857087668202901e+00
3.978312070341705198e+00
3.972780284725801359e+00
3.967261689330743746e+00
3.961756242814500339e+00
3.956263904225748362e+00
3.950784632169785926e+00
3.945318385982315323e+00
3.939865124897548920e+00
3.934424808475803115e+00
3.928997396004503262e+00
3.923582847279185160e+00
3.918181122359869928e+00
3.912792180856397017e+00
3.907415983278685889e+00
3.902052489519697076e+00
3.896701660374676468e+00
3.891363456029450774e+00
3.886037837546771456e+00
3.880724765578603463e+00
3.875424200964809440e+00
3.870136105162492512e+00
3.864860439223302357e+00
3.859597164472253539e+00
3.854346242682122003e+00
3.849107634129024458e+00
3.843881294759449840e+00
3.838667193164829516e+00
3.833465291343959525e+00
3.828275551810280675e+00
3.823097936743443004e+00
3.817932408691824264e+00
3.812778930270763311e+00
3.807637464210896105e+00
3.802507973449341439e+00
3.797390421033257635e+00
3.792284770073444555e+00
3.787190983882431361e+00
3.782109025909968114e+00
3.777038859713023111e+00
3.771980449096077326e+00
3.766933757578347919e+00
3.761898749281843646e+00
3.756875388298402729e+00
3.751863638976043802e+00
3.746863456534203163e+00
3.741874805258137648e+00
3.736897658609199535e+00
3.731931981003051124e+00
3.726977737456081741e+00
3.722034893099058550e+00
3.717103412712296162e+00
3.712183261852885163e+00
3.707274405564656039e+00
3.702376809653671330e+00
3.697490439410483720e+00
3.692615260888842954e+00
3.687751235524523885e+00
3.682898314464180256e+00
3.678056482315883446e+00
3.673225705626283144e+00
3.668405950580357011e+00
3.663597183644949684e+00
3.658799371245590404e+00
3.654012480412902608e+00
3.649236477811946155e+00
3.644471330388342700e+00
3.639716995562812585e+00
3.634973432088114631e+00
3.630240624927735915e+00
3.625518541501893566e+00
3.620807149348940879e+00
3.616106416124721612e+00
3.611416309602051733e+00
3.606736797670133665e+00
3.602067848333939004e+00
3.597409401673599572e+00
3.592761450483341168e+00
3.588123966197033887e+00
3.583496917281925764e+00
3.578880272336893764e+00
3.574274000057907852e+00
3.569678069249597296e+00
3.565092436136538367e+00
3.560517060861135619e+00
3.555951933582607527e+00
3.551397023749922610e+00
3.546852300739182340e+00
3.542317734184266875e+00
3.537793293325336208e+00
3.533278929296026494e+00
3.528774612280383138e+00
3.524280330031756669e+00
3.519796052719155632e+00
3.515321750617868890e+00
3.510857393675654858e+00
3.506402946660898134e+00
3.501958351831628402e+00
3.497523613441130053e+00
3.493098701878054602e+00
3.488683588218384202e+00
3.484278242955607396e+00
3.479882629085313095e+00
3.475496692113105190e+00
3.471120436768695861e+00
3.466753834240799748e+00
3.462396855747557733e+00
3.458049473070647917e+00
3.453711631938101156e+00
3.449383311132493191e+00
3.445064500922869755e+00
3.440755173129565136e+00
3.436455299677313668e+00
3.432164840950902907e+00
3.427883746548248123e+00
3.423612022789215281e+00
3.419349642168708847e+00
3.415096577101397912e+00
3.410852792602850236e+00
3.406618228642984469e+00
3.402392898110342401e+00
3.398176773862858546e+00
3.393969828754603402e+00
3.389772022397553819e+00
3.385583305593666381e+00
3.381403687538582670e+00
3.377233141247813375e+00
3.373071640400308269e+00
3.368919128717827949e+00
3.364775587896131626e+00
3.360641013214002104e+00
3.356515378489139501e+00
3.352398655283201467e+00
3.348290769369207442e+00
3.344191745484223599e+00
3.340101557404706600e+00
3.336020179721188583e+00
3.331947550821419135e+00
3.327883662506288864e+00
3.323828507621621853e+00
3.319782060946276037e+00
3.315744274885777720e+00
3.311715112965509356e+00
3.307694583597798665e+00
3.303682662075408505e+00
3.299679307593659683e+00
3.295684469022292618e+00
3.291698163676822109e+00
3.287720366529203186e+00
3.283751039037882791e+00
3.279790126408348439e+00
3.275837648787791156e+00
3.271893581625489489e+00
3.267957881755040539e+00
3.264030503204001565e+00
3.260111462951022610e+00
3.256200736783467331e+00
3.252298270939459890e+00
3.248404040441604135e+00
3.244518052527860075e+00
3.240640284023707185e+00
3.236770664242705209e+00
3.232909200689304097e+00
3.229055886053971758e+00
3.225210691382915051e+00
3.221373540762986210e+00
3.217544468954547376e+00
3.213723453355653792e+00
3.209910438459027571e+00
3.206105401211388983e+00
3.202308351243656759e+00
3.198519265715070503e+00
3.194738057495627448e+00
3.190964767404614211e+00
3.187199374199730872e+00
3.183441819913007453e+00
3.179692086190610389e+00
3.175950182285570023e+00
3.172216076476449320e+00
3.168489697739236721e+00
3.164771082503994748e+00
3.161060208907102709e+00
3.157356999066216030e+00
3.153661473988040420e+00
3.149973625136049282e+00
3.146293393429771434e+00
3.142620762067263041e+00
3.138955742234598834e+00
3.135298290453263803e+00
3.131648358485736861e+00
3.128005974030479308e+00
3.124371106234009154e+00
3.120743681381376700e+00
3.117123740695895151e+00
3.113511262451246431e+00
3.109906154453683680e+00
3.106308468129063804e+00
3.102718182442067985e+00
3.099135208192964175e+00
3.095559588256758587e+00
3.091991307525189914e+00
3.088430278523266903e+00
3.084876539530981177e+00
3.081330078587319665e+00
3.077790807472843504e+00
3.074258765736501253e+00
3.070733941532412192e+00
3.067216242905015378e+00
3.063705716846080396e+00
3.060202346887757052e+00
3.056706038642673207e+00
3.053216848018065477e+00
3.049734745418346549e+00
3.046259653652791055e+00
3.042791620662813834e+00
3.039330605335620383e+00
3.035876553308597181e+00
3.032429501826143348e+00
3.028989395188807610e+00
3.025556207810748521e+00
3.022129963732314017e+00
3.018710589081790907e+00
3.015298093700453208e+00
3.011892484426059280e+00
3.008493667299001473e+00
3.005101692471007002e+00
3.001716531091763063e+00
2.998338114812968858e+00
2.994966491041415324e+00
2.991601599681214196e+00
2.988243422444139874e+00
2.984891981890354540e+00
2.981547190687148241e+00
2.978209085709740300e+00
2.974877646721934887e+00
2.971552803388555652e+00
2.968234605920295088e+00
2.964922987518302744e+00
2.961617942653864244e+00
2.958319489518832501e+00
2.955027526461293519e+00
2.951742117756505746e+00
2.948463211901111158e+00
2.945190776331863436e+00
2.941924843808033430e+00
2.938665321353638227e+00
2.935412255628933487e+00
2.932165609935207140e+00
2.928925340618467210e+00
2.925691487140690494e+00
2.922463957549991775e+00
2.919242796048526323e+00
2.916027965946150324e+00
2.912819427355063606e+00
2.909617218824764429e+00
2.906421242009360917e+00
2.903231553771060014e+00
2.900048102159574093e+00
2.896870866325873095e+00
2.893699870880365399e+00
2.890535019641966574e+00
2.887376380872161974e+00
2.884223878186544354e+00
2.881077524052460426e+00
2.877937307320804106e+00
2.874803171603581120e+00
2.871675165954922893e+00
2.868553189871036135e+00
2.865437303999101903e+00
2.862327446899566752e+00
2.859223615505145588e+00
2.856125810744668314e+00
2.853033969077722443e+00
2.849948145070739791e+00
2.846868234954111898e+00
2.843794304317464050e+00
2.840726283616965109e+00
2.837664182907413402e+00
2.834607986505146116e+00
2.831557652677320291e+00
2.828513216514232820e+00
2.825474586311368608e+00
2.822441832474699819e+00
2.819414857994058998e+00
2.816393714773770984e+00
2.813378342169079449e+00
2.810368747783120735e+00
2.807364914319676164e+00
2.804366807194768718e+00
2.801374450766164426e+00
2.798387770143039965e+00
2.795406828660309984e+00
2.792431514195058195e+00
2.789461908861708750e+00
2.786497917342511954e+00
2.783539588158936873e+00
2.780586858986735077e+00
2.777639746423008482e+00
2.774698219140500743e+00
2.771762264065473325e+00
2.768831878623047693e+00
2.765907022503840906e+00
2.762987719056748670e+00
2.760073903358832403e+00
2.757165623060713333e+00
2.754262789643670217e+00
2.751365473445398280e+00
2.748473565160592269e+00
2.745587148331038119e+00
2.742706113892902309e+00
2.739830536799052307e+00
2.736960321398191898e+00
2.734095527030028450e+00
2.731236073200209891e+00
2.728382005744002470e+00
2.725533256384103264e+00
2.722689859618818264e+00
2.719851757984736995e+00
2.717018976872431324e+00
2.714191466588982582e+00
2.711369245861607880e+00
2.708552270977492960e+00
2.705740555676811709e+00
2.702934060638277902e+00
2.700132796746144148e+00
2.697336726370232363e+00
2.694545859700462120e+00
2.691760159082525306e+00
2.688979636043339116e+00
2.686204250637355795e+00
2.683434017955971473e+00
2.680668893686033893e+00
2.677908898330740417e+00
2.675153981476998677e+00
2.672404170895711140e+00
2.669659407942952978e+00
2.666919729968765029e+00
2.664185067861026379e+00
2.661455470508555798e+00
2.658730856611531745e+00
2.656011288329323428e+00
2.653296670175796734e+00
2.650587079835770243e+00
2.647882405415022067e+00
2.645182732763748490e+00
2.642487959724554081e+00
2.639798153121004631e+00
2.637113231137307778e+00
2.634433239432393048e+00
2.631758118757037135e+00
2.629087891018662582e+00
2.626422521463842585e+00
2.623762007293399368e+00
2.621106339682791386e+00
2.618455488776190609e+00
2.615809474266951540e+00
2.613168236887057017e+00
2.610531826270994227e+00
2.607900152788000803e+00
2.605273289897211964e+00
2.602651139411785053e+00
2.600033766468230922e+00
2.597421099193772065e+00
2.594813167735690485e+00
2.592209936334972653e+00
2.589611397511678792e+00
2.587017554542963449e+00
2.584428360692247573e+00
2.581843859234577376e+00
2.579263962190047721e+00
2.576688741465736232e+00
2.574118108084359591e+00
2.571552112796958944e+00
2.568990704731902053e+00
2.566433888083925918e+00
2.563881659069405572e+00
2.561333974320595175e+00
2.558790878529766832e+00
2.556252279555539353e+00
2.553718250033083947e+00
2.551188712281865723e+00
2.548663698942499778e+00
2.546143181555866608e+00
2.543627138797350362e+00
2.541115597174420149e+00
2.538608479654003602e+00
2.536105851021829505e+00
2.533607631975738350e+00
2.531113860777722824e+00
2.528624506942223071e+00
2.526139548783533417e+00
2.523659016325954241e+00
2.521182826658207254e+00
2.518711046728441261e+00
2.516243607087448098e+00
2.513780529355038595e+00
2.511321803205541325e+00
2.508867384045681881e+00
2.506417319702148649e+00
2.503971524991123854e+00
2.501530053826293454e+00
2.499092866278089797e+00
2.496659945729777785e+00
2.494231323099942443e+00
2.491806910278024478e+00
2.489386776076961016e+00
2.486970863554232469e+00
2.484559173330562309e+00
2.482151722172292629e+00
2.479748433718683920e+00
2.477349370818874075e+00
2.474954474647043323e+00
2.472563750769217528e+00
2.470177213411689277e+00
2.467794787638527332e+00
2.465416534760790146e+00
2.463042399483394096e+00
2.460672382731320162e+00
2.458306505742021031e+00
2.455944684434182346e+00
2.453586984198475651e+00
2.451233359234989084e+00
2.448883793871313053e+00
2.446538319154278884e+00
2.444196857103573706e+00
2.441859456837825793e+00
2.439526094729634664e+00
2.437196729250616478e+00
2.434871404094240521e+00
2.432550058608153432e+00
2.430232708972119848e+00
2.427919366981072358e+00
2.425609953821474374e+00
2.423304531446555998e+00
2.421003061443917748e+00
2.418705517204661426e+00
2.416411934341490486e+00
2.414122251221854309e+00
2.411836488701134318e+00
2.409554657498819807e+00
2.407276677245588470e+00
2.405002610057758616e+00
2.402732424896773189e+00
2.400466083079707325e+00
2.398203625645090931e+00
2.395945003110537375e+00
2.393690214679518924e+00
2.391439282216170081e+00
2.389192139679274351e+00
2.386948820393983262e+00
2.384709327438735649e+00
2.382473584543489675e+00
2.380241650940388087e+00
2.378013502118930145e+00
2.375789089925856246e+00
2.373568459304982614e+00
2.371351574009638252e+00
2.369138410323488930e+00
2.366929000957609830e+00
2.364723299319029248e+00
2.362521302695284042e+00
2.360323032974401603e+00
2.358128435892674624e+00
2.355937525699683732e+00
2.353750315458324582e+00
2.351566744566861100e+00
2.349386841080799204e+00
2.347210610612358916e+00
2.345037988220278091e+00
2.342869011782751976e+00
2.340703682111003658e+00
2.338541931498422599e+00
2.336383803913722801e+00
2.334229296893735928e+00
2.332078341429052237e+00
2.329930984943545003e+00
2.327787223239616843e+00
2.325646987544527811e+00
2.323510325103086860e+00
2.321377231523112705e+00
2.319247641061433107e+00
2.317121596414150275e+00
2.314999095095243486e+00
2.312880075219084564e+00
2.310764572879690171e+00
2.308652588415919471e+00
2.306544065924271969e+00
2.304439030853559611e+00
2.302337488584220715e+00
2.300239390627128788e+00
2.298144748478094801e+00
2.296053574359506744e+00
2.293965828864072520e+00
2.291881506178505834e+00
2.289800626884741508e+00
2.287723162287129686e+00
2.285649086082990333e+00
2.283578428955372441e+00
2.281511174541567044e+00
2.279447272631156984e+00
2.277386765584239026e+00
2.275329645823692459e+00
2.273275851881122467e+00
2.271225423883755923e+00
2.269178358829746500e+00
2.267134612060813570e+00
2.265094192098488612e+00
2.263057111492936535e+00
2.261023343517619022e+00
2.258992861268863006e+00
2.256965695386895288e+00
2.254941837613364086e+00
2.252921224180679083e+00
2.250903903377963200e+00
2.248889867931357145e+00
2.246879074758593831e+00
2.244871530908618240e+00
2.242867249000214169e+00
2.240866209798338726e+00
2.238868374406612016e+00
2.236873778709006277e+00
2.234882414602175515e+00
2.232894233080658264e+00
2.230909255918053002e+00
2.228927488366249765e+00
2.226948907256159682e+00
2.224973482217103449e+00
2.223001244569978052e+00
2.221032186354824578e+00
2.219066260290462722e+00
2.217103486714476102e+00
2.215143870609392884e+00
2.213187394781013229e+00
2.211234019815852214e+00
2.209283780993886559e+00
2.207336670712658044e+00
2.205392651274790783e+00
2.203451725054287991e+00
2.201513905856560260e+00
2.199579186198863834e+00
2.197647512040469486e+00
2.195718920229256188e+00
2.193793406656566969e+00
2.191870952890414337e+00
2.189951525336924387e+00
2.188035154919310887e+00
2.186121835128673307e+00
2.184211534350579242e+00
2.182304244928492398e+00
2.180399984828252258e+00
2.178498747524180157e+00
2.176600491608993604e+00
2.174705229781920490e+00
2.172812970139168520e+00
2.170923705435120254e+00
2.169037387748240064e+00
2.167154044842813043e+00
2.165273676281289639e+00
2.163396275842164318e+00
2.161521790865268855e+00
2.159650258684958857e+00
2.157781674071212574e+00
2.155916029678169643e+00
2.154053273989981143e+00
2.152193446134569754e+00
2.150336539274253500e+00
2.148482545983069425e+00
2.146631415443612578e+00
2.144783186374611628e+00
2.142937852124664033e+00
2.141095406012886393e+00
2.139255798285755628e+00
2.137419064076654163e+00
2.135585198497639503e+00
2.133754194953350503e+00
2.131926010158216034e+00
2.130100667696943173e+00
2.128278168328098463e+00
2.126458505440783409e+00
2.124641643981021844e+00
2.122827591722429297e+00
2.121016356952121207e+00
2.119207933491357387e+00
2.117402296989842281e+00
2.115599434288402581e+00
2.113799363797564279e+00
2.112002079626322359e+00
2.110207571003980043e+00
2.108415798397437424e+00
2.106626793483069360e+00
2.104840549878603362e+00
2.103057061488184942e+00
2.101276292289155467e+00
2.099498254644083683e+00
2.097722953980103444e+00
2.095950383974623854e+00
2.094180527820371118e+00
2.092413360676922185e+00
2.090648906282829067e+00
2.088887158481322448e+00
2.087128111257694929e+00
2.085371729325018464e+00
2.083618025679542907e+00
2.081867004883347860e+00
2.080118660770743144e+00
2.078372982597055163e+00
2.076629935593591103e+00
2.074889547633884224e+00
2.073151812842149777e+00
2.071416725506887602e+00
2.069684263043087391e+00
2.067954414845452060e+00
2.066227196621321927e+00
2.064502602589778135e+00
2.062780626946849161e+00
2.061061239510504794e+00
2.059344446123936301e+00
2.057630254164990014e+00
2.055918657555825924e+00
2.054209650675833831e+00
2.052503199527618616e+00
2.050799318781891589e+00
2.049098011023720911e+00
2.047399270439414831e+00
2.045703091773256155e+00
2.044009439967534814e+00
2.042318331899825257e+00
2.040629768722192150e+00
2.038943745004442754e+00
2.037260255047854240e+00
2.035579268064819924e+00
2.033900794406691137e+00
2.032224838200794359e+00
2.030551393883655908e+00
2.028880456006115995e+00
2.027212000543270332e+00
2.025546025166423902e+00
2.023882540085801818e+00
2.022221539763730203e+00
2.020563019168691632e+00
2.018906963831821777e+00
2.017253352523753929e+00
2.015602204562325195e+00
2.013953515054417664e+00
2.012307277991147281e+00
2.010663488491470030e+00
2.009022114041719931e+00
2.007383171541855749e+00
2.005746660567606643e+00
2.004112576087480502e+00
2.002480913166005738e+00
2.000851656962753022e+00
1.999224789231424992e+00
1.997600327182446067e+00
1.995978266079404095e+00
1.994358600100491374e+00
1.992741324456069885e+00
1.991126415838039732e+00
1.989513874740003629e+00
1.987903708797707836e+00
1.986295912940387431e+00
1.984690481849431531e+00
1.983087410472706535e+00
1.981486671438847935e+00
1.979888274918031987e+00
1.978292223407931871e+00
1.976698511601625130e+00
1.975107134508354401e+00
1.973518087573275848e+00
1.971931343090252309e+00
1.970346911851353244e+00
1.968764796037215659e+00
1.967184990072590178e+00
1.965607489702704713e+00
1.964032289390883701e+00
1.962459367794218590e+00
1.960888725932739884e+00
1.959320369616195601e+00
1.957754294651783633e+00
1.956190495583361333e+00
1.954628968084465290e+00
1.953069700379839846e+00
1.951512674115006840e+00
1.949957904813815812e+00
1.948405387839257319e+00
1.946855118615368641e+00
1.945307092104634927e+00
1.943761303824521391e+00
1.942217730712500146e+00
1.940676378524088808e+00
1.939137250129422174e+00
1.937600341483901589e+00
1.936065647365470488e+00
1.934533163527735855e+00
1.933002885035709273e+00
1.931474784576601600e+00
1.929948877991034539e+00
1.928425163490165017e+00
1.926903635824201322e+00
1.925384290994266889e+00
1.923867124018004526e+00
1.922352130624293887e+00
1.920839284597985142e+00
1.919328600265197471e+00
1.917820076076316438e+00
1.916313707227884633e+00
1.914809489615319604e+00
1.913307418215411726e+00
1.911807489171294394e+00
1.910309683433877748e+00
1.908814001898549551e+00
1.907320449295307530e+00
1.905829020872156665e+00
1.904339712625832792e+00
1.902852519843553081e+00
1.901367438508321461e+00
1.899884463560349124e+00
1.898403569126621226e+00
1.896924773212383952e+00
1.895448070922932438e+00
1.893973458519448760e+00
1.892500931448394486e+00
1.891030485038580178e+00
1.889562115574007661e+00
1.888095816539722804e+00
1.886631566220756229e+00
1.885169380145786722e+00
1.883709253926267868e+00
1.882251182929902011e+00
1.880795163433700568e+00
1.879341191105591502e+00
1.877889261409153132e+00
1.876439370567259735e+00
1.874991498289399150e+00
1.873545652198966627e+00
1.872101832566157809e+00
1.870660035103690166e+00
1.869220255531459651e+00
1.867782490037646070e+00
1.866346734290914133e+00
1.864912984054634570e+00
1.863481234540784293e+00
1.862051464646907295e+00
1.860623688329712255e+00
1.859197901380808204e+00
1.857774100081720947e+00
1.856352280155904255e+00
1.854932437431338288e+00
1.853514568382786498e+00
1.852098668626601885e+00
1.850684734221832217e+00
1.849272746449142968e+00
1.847862713242592214e+00
1.846454633536988243e+00
1.845048503451504507e+00
1.843644319116641395e+00
1.842242076289187347e+00
1.840841771447915276e+00
1.839443400521073357e+00
1.838046959673214742e+00
1.836652444682658203e+00
1.835259835833036313e+00
1.833869145151428848e+00
1.832480369165069511e+00
1.831093503926844779e+00
1.829708545328597946e+00
1.828325490062031378e+00
1.826944334134681380e+00
1.825565073665862847e+00
1.824187704793001297e+00
1.822812223781970609e+00
1.821438620211508042e+00
1.820066888423475415e+00
1.818697033241249761e+00
1.817329050960800219e+00
1.815962937891200335e+00
1.814598690327211550e+00
1.813236304428674339e+00
1.811875776266814064e+00
1.810517102647985377e+00
1.809160279693456053e+00
1.807805303664575813e+00
1.806452170820942893e+00
1.805100864019679285e+00
1.803751392853768731e+00
1.802403754145241788e+00
1.801057943922508064e+00
1.799713959020316389e+00
1.798371795629304604e+00
1.797031450179439549e+00
1.795692919077993777e+00
1.794356198633628496e+00
1.793021285286052535e+00
1.791688175499825952e+00
1.790356865747422255e+00
1.789027347865545847e+00
1.787699614974846529e+00
1.786373671531832130e+00
1.785049513811322486e+00
1.783727138791075362e+00
1.782406542742545952e+00
1.781087722075606949e+00
1.779770673309300832e+00
1.778455392992016826e+00
1.777141877679941917e+00
1.775830123935721705e+00
1.774520128239500227e+00
1.773211887116865837e+00
1.771905397157743201e+00
1.770600652639795713e+00
1.769297643917520313e+00
1.767996376269701742e+00
1.766696846215214611e+00
1.765399050370469070e+00
1.764102985373976695e+00
1.762808647871926260e+00
1.761516034518173068e+00
1.760225141945096494e+00
1.758935966733397915e+00
1.757648505555994944e+00
1.756362755099761364e+00
1.755078712059175761e+00
1.753796373136313758e+00
1.752515735026011212e+00
1.751236794361603177e+00
1.749959547856698938e+00
1.748683985134518393e+00
1.747410108121092653e+00
1.746137915604452973e+00
1.744867404341627459e+00
1.743598571281373522e+00
1.742331412679757108e+00
1.741065925551074534e+00
1.739802106684555705e+00
1.738539952876883676e+00
1.737279460932169783e+00
1.736020627661929217e+00
1.734763449838870430e+00
1.733507924248474552e+00
1.732254047726645041e+00
1.731001817116658570e+00
1.729751229269151258e+00
1.728502281275004382e+00
1.727254969533893236e+00
1.726009291139674939e+00
1.724765242915603070e+00
1.723522818142027457e+00
1.722282013975085624e+00
1.721042830765623810e+00
1.719805265424507068e+00
1.718569314869844655e+00
1.717334976260187718e+00
1.716102246055799530e+00
1.714871121381669639e+00
1.713641599176088048e+00
1.712413676395095674e+00
1.711187350001902585e+00
1.709962616966868243e+00
1.708739474500883038e+00
1.707517919122005567e+00
1.706297948055177649e+00
1.705079558292911912e+00
1.703862746802032202e+00
1.702647510590285851e+00
1.701433846913000147e+00
1.700221752332174319e+00
1.699011224116989682e+00
1.697802259310334794e+00
1.696594854962102161e+00
1.695389008362750971e+00
1.694184716109246702e+00
1.692981975502135139e+00
1.691780783589146742e+00
1.690581137449527871e+00
1.689383034410152584e+00
1.688186469849691562e+00
1.686991439573217066e+00
1.685797943582834746e+00
1.684605978999016651e+00
1.683415543183027552e+00
1.682226632801413935e+00
1.681039245228830303e+00
1.679853377613074628e+00
1.678669027335842889e+00
1.677486191070753030e+00
1.676304866219544554e+00
1.675125049958502421e+00
1.673946739704697650e+00
1.672769932180184993e+00
1.671594624815204710e+00
1.670420814812999311e+00
1.669248499617666193e+00
1.668077675977872154e+00
1.666908341350763711e+00
1.665740492966326425e+00
1.664574128295529087e+00
1.663409244113318808e+00
1.662245837903485235e+00
1.661083907146521987e+00
1.659923448631404286e+00
1.658764459862685392e+00
1.657606938117593298e+00
1.656450880914404733e+00
1.655296285074745688e+00
1.654143148129558760e+00
1.652991467616615306e+00
1.651841240377098119e+00
1.650692463961347389e+00
1.649545135926530515e+00
1.648399253133192799e+00
1.647254813150975439e+00
1.646111813556341064e+00
1.644970251229008751e+00
1.643830123757815898e+00
1.642691428738426662e+00
1.641554163069531613e+00
1.640418324359067537e+00
1.639283910221795759e+00
1.638150917575181387e+00
1.637019344045305580e+00
1.635889187262024924e+00
1.634760444161388770e+00
1.633633112389758724e+00
1.632507189600286512e+00
1.631382672747916374e+00
1.630259559497728272e+00
1.629137847521588300e+00
1.628017533792568861e+00
1.626898616229244476e+00
1.625781091817435575e+00
1.624664958252792113e+00
1.623550213237739070e+00
1.622436853775886201e+00
1.621324877816213927e+00
1.620214282374852433e+00
1.619105065177707914e+00
1.617997223957456709e+00
1.616890755747672381e+00
1.615785658527512103e+00
1.614681929342838940e+00
1.613579565949502692e+00
1.612478566110109313e+00
1.611378926887613305e+00
1.610280646291118556e+00
1.609183721395635924e+00
1.608088149986629301e+00
1.606993929856314507e+00
1.605901058096435019e+00
1.604809532745799405e+00
1.603719350907975461e+00
1.602630510633109129e+00
1.601543009036495269e+00
1.600456844179580340e+00
1.599372013189290564e+00
1.598288513903086683e+00
1.597206344165158276e+00
1.596125501118511369e+00
1.595045982853843913e+00
1.593967786525553931e+00
1.592890910235489565e+00
1.591815351149343138e+00
1.590741107380070130e+00
1.589668176104560349e+00
1.588596555446834646e+00
1.587526242156801048e+00
1.586457231348024743e+00
1.585389523598850658e+00
1.584323117055419061e+00
1.583258008927876270e+00
1.582194197373278266e+00
1.581131679612586050e+00
1.580070453813728903e+00
1.579010517208381037e+00
1.577951867975298850e+00
1.576894503356775612e+00
1.575838421542343326e+00
1.574783619784811739e+00
1.573730096285041125e+00
1.572677848310709114e+00
1.571626874074177893e+00
1.570577170849593029e+00
1.569528736859178819e+00
1.568481569387332852e+00
1.567435666666912253e+00
1.566391025992458497e+00
1.565347645607413796e+00
1.564305523052200719e+00
1.563264655873293218e+00
1.562225042328707847e+00
1.561186679739119842e+00
1.560149566373003394e+00
1.559113699560824129e+00
1.558079077581471461e+00
1.557045697775094162e+00
1.556013558430943577e+00
1.554982653851577634e+00
1.553952981837181335e+00
1.552924543691111436e+00
1.551897336778742753e+00
1.550871359413900086e+00
1.549846608978422191e+00
1.548823083807264744e+00
1.547800781521621483e+00
1.546779699748183745e+00
1.545759836826016365e+00
1.544741190155022093e+00
1.543723758084393882e+00
1.542707538259297184e+00
1.541692528330312006e+00
1.540678726660511533e+00
1.539666130673402966e+00
1.538654738742057049e+00
1.537644548535124001e+00
1.536635557726513168e+00
1.535627764702976794e+00
1.534621166912519152e+00
1.533615762773032687e+00
1.532611543064291038e+00
1.531608511307125831e+00
1.530606666938767901e+00
1.529606007666038492e+00
1.528606531200791929e+00
1.527608235967904182e+00
1.526611119687771856e+00
1.525615180085720501e+00
1.524620415599898804e+00
1.523626823727684432e+00
1.522634402916824392e+00
1.521643150916630383e+00
1.520653065504903756e+00
1.519664145147294754e+00
1.518676387600470745e+00
1.517689790625794011e+00
1.516704352698556413e+00
1.515720071111399836e+00
1.514736935337900325e+00
1.513754952575558033e+00
1.512774120606745099e+00
1.511794437218324960e+00
1.510815900918469845e+00
1.509838509541894025e+00
1.508862261131996840e+00
1.507887153494143373e+00
1.506913185146984580e+00
1.505940353903708617e+00
1.504968657581786884e+00
1.503998094712363232e+00
1.503028663120619779e+00
1.502060360635928626e+00
1.501093185812575115e+00
1.500127131262107172e+00
1.499162195237940587e+00
1.498198380627377091e+00
1.497235685991312515e+00
1.496274109184555723e+00
