1.195101125641537587e+00
2.614756210320840779e+01
4.225853012113523732e+01
5.589921738883858637e+01
6.879033522364009912e+01
8.124025553534423238e+01
9.308893461658951196e+01
1.047786423745471467e+02
1.163898575908285409e+02
1.279251988525581822e+02
1.393523385508381693e+02
1.506196101457126701e+02
1.616655607536870889e+02
1.724249780948950956e+02
1.828327902131529470e+02
1.928266492984487002e+02
2.023486696483871299e+02
2.113465956280832359e+02
2.197745660009717596e+02
2.275935781470014376e+02
2.347717187229062858e+02
2.412842013920508748e+02
2.471132428890261679e+02
2.522478063375536976e+02
2.566832291389637817e+02
2.604207676800062359e+02
2.634670786628257702e+02
2.658336664861461145e+02
2.675363225819402828e+02
2.685945811239477621e+02
2.690312099783415647e+02
2.688717556902316801e+02
2.681441470348266307e+02
2.668783636472091985e+02
2.651061623982764672e+02
2.628608538860545991e+02
2.601771101740629888e+02
2.570907918961270298e+02
2.536387721098609518e+02
2.498587428986987504e+02
2.457889913027959778e+02
2.414681353493675147e+02
2.369348186042653026e+02
2.322273676890447121e+02
2.273834188082483081e+02
2.224395303579894403e+02
2.174307985761994360e+02
2.123904901364713282e+02
2.073497128944783015e+02
2.023371367908669640e+02
1.973787756813477756e+02
1.924978386167479130e+02
1.877146485160729696e+02
1.830466324240172185e+02
1.785083697097760762e+02
1.741116991175914563e+02
1.698658681449085748e+02
1.657777172930642280e+02
1.618518908910143068e+02
1.580910589558303343e+02
1.544961489465405862e+02
1.510665744013950018e+02
1.478004558318062607e+02
1.446948323323636600e+02
1.417458559077794575e+02
1.389489701943252271e+02
1.362990714961043466e+02
1.337906502136870017e+02
1.314179151098888383e+02
1.291749001678344939e+02
1.270555552915388660e+02
1.250538221861862240e+02
1.231636968375692334e+02
1.213792800484237659e+02
1.196948174674403873e+02
1.181047302932562957e+02
1.166036383510013508e+02
1.151863767671045338e+02
1.138480061067360651e+02
1.125838186550779909e+02
1.113893409219975013e+02
1.102603320276109855e+02
1.091927814403335759e+02
1.081829028049222785e+02
1.072271276292621991e+02
1.063220972259173749e+02
1.054646550883847453e+02
1.046518362438033591e+02
1.038808596559865975e+02
1.031491175141058534e+02
1.024541665581800203e+02
1.017937184678139317e+02
1.011656312651006289e+02
1.005679000440684518e+02
9.999864899814863861e+01
9.945612288925627809e+01
9.893868000079463343e+01
9.844478462180104827e+01
9.797299975670279082e+01
9.752198114937766604e+01
9.709047090501628929e+01
9.667729186034284794e+01
9.628134192695871718e+01
9.590158947126479916e+01
9.553706855425231481e+01
9.518687372690320103e+01
9.485015724130829540e+01
9.452612411499185896e+01
9.421402908146312427e+01
9.391317311383248523e+01
9.362290014637332547e+01
9.334259488609866651e+01
9.307167930195574002e+01
9.280961041019372715e+01
9.255587814405657809e+01
9.231000302358144438e+01
9.207153430145446293e+01
9.184004800549672609e+01
9.161514491076779620e+01
9.139644943720121262e+01
9.118360777535831119e+01
9.097628685995086073e+01
9.077417241882648113e+01
9.057696843214763760e+01
9.038439580066783208e+01
9.019619111597451422e+01
9.001210581801412047e+01
8.983190527570137363e+01
8.965536793481952316e+01
8.948228434600585501e+01
8.931245680998019054e+01
8.914569851690087887e+01
8.898183274822436317e+01
8.882069198809345778e+01
8.866211856248784784e+01
8.850596257899765362e+01
8.835208252229629977e+01
8.820034429837266998e+01
8.805062095891850049e+01
8.790279218533987660e+01
8.775674427278288192e+01
8.761236887995823963e+01
8.746956412313397777e+01
8.732823284158119748e+01
8.718828300856161206e+01
8.704962769497670649e+01
8.691218416559608784e+01
8.677587377894755605e+01
8.664062245737780188e+01
8.650635964515871024e+01
8.637301834358477493e+01
8.624053490302723901e+01
8.610884929367028917e+01
8.597790434636895895e+01
8.584764581631090152e+01
8.571802214782586304e+01
8.558898445719539438e+01
8.546048655319265208e+01
8.533248447662039382e+01
8.520493652558637621e+01
8.507780314247342801e+01
8.495104671123999651e+01
8.482463165974432684e+01
8.469852434854712442e+01
8.457269279779436033e+01
8.444710669884875642e+01
8.432173733221802081e+01
8.419655749431599645e+01
8.407154124617657942e+01
8.394666436962462797e+01
8.382190379331727570e+01
8.369723768831359223e+01
8.357264541544233794e+01
8.344810747101341519e+01
8.332360533704401462e+01
8.319912162119746313e+01
8.307464001984426716e+01
8.295014507175642393e+01
8.282562221393735058e+01
8.270105774101186569e+01
8.257643862342386853e+01
8.245175281700045389e+01
8.232698904257843253e+01
8.220213665676337200e+01
8.207718569802659658e+01
8.195212673209543652e+01
8.182695106632664306e+01
8.170165073431947178e+01
8.157621821397239614e+01
8.145064652696595431e+01
8.132492894691669960e+01
8.119905976168901418e+01
8.107303350089776472e+01
8.094684513470367904e+01
8.082048979216024520e+01
8.069396352726998600e+01
8.056726259580626959e+01
8.044038353203039549e+01
8.031332308637261974e+01
8.018607884114689455e+01
8.005864844124465662e+01
7.993102955200369308e+01
7.980322065852529079e+01
7.967522039001032397e+01
7.954702732073046434e+01
7.941864067503529157e+01
7.929005994098773158e+01
7.916128441296088170e+01
7.903231410486613129e+01
7.890314918384206067e+01
7.877378948945299442e+01
7.864423588809934529e+01
7.851448890255636570e+01
7.838454922143935732e+01
7.825441817042560899e+01
7.812409652941923355e+01
7.799358597201312193e+01
7.786288784738050595e+01
7.773200375158809550e+01
7.760093565814786132e+01
7.746968512934071782e+01
7.733825464346301715e+01
7.720664584060661184e+01
7.707486149219749905e+01
7.694290353722200848e+01
7.681077482996808214e+01
7.667847760215776987e+01
7.654601484034314751e+01
7.641338897859790791e+01
7.628060318651824900e+01
7.614766001245649818e+01
7.601456285958900594e+01
7.588131430519446496e+01
7.574791797085005385e+01
7.561437657871628915e+01
7.548069375360751110e+01
7.534687254945390578e+01
7.521291641169477771e+01
7.507882881175581247e+01
7.494461293722893913e+01
7.481027262893151430e+01
7.467581104166704620e+01
7.454123198775225489e+01
7.440653905739084450e+01
7.427173561409179570e+01
7.413682564658124363e+01
7.400181260791084981e+01
7.386670020444859119e+01
7.373149234935189611e+01
7.359619250923687162e+01
7.346080457073932735e+01
7.332533242319399847e+01
7.318977959571397207e+01
7.305414999936279230e+01
7.291844755140230916e+01
7.278267589196961751e+01
7.264683880772091129e+01
7.251094029377763661e+01
7.237498415209770997e+01
7.223897389956347581e+01
7.210291366081936815e+01
7.196680724587857014e+01
7.183065837003634613e+01
7.169447073138314863e+01
7.155824832836604799e+01
7.142199495035744405e+01
7.128571431265298486e+01
7.114941005783350647e+01
7.101308614768507255e+01
7.087674633195000240e+01
7.074039434817639460e+01
7.060403375223559408e+01
7.046766836268734835e+01
7.033130193953645914e+01
7.019493816110399109e+01
7.005858068951256712e+01
6.992223305387064158e+01
6.978589891485840724e+01
6.964958196622187359e+01
6.951328579559546483e+01
6.937701397013677251e+01
6.924077003612646308e+01
6.910455743433115572e+01
6.896837967499573097e+01
6.883224032081609778e+01
6.869614282928688453e+01
6.856009063356658828e+01
6.842408714340757570e+01
6.828813574394997943e+01
6.815223979515425867e+01
6.801640251967479855e+01
6.788062733274675509e+01
6.774491752897932884e+01
6.760927636500983340e+01
6.747370707119721089e+01
6.733821285043678984e+01
6.720279687862226581e+01
6.706746230403892639e+01
6.693221224730952201e+01
6.679704980085509192e+01
6.666197802841288933e+01
6.652699990973853517e+01
6.639211849728629034e+01
6.625733678443235419e+01
6.612265772112048978e+01
6.598808422762910197e+01
6.585361919409405118e+01
6.571926548248733013e+01
6.558502592504491702e+01
6.545090332421881385e+01
6.531690045249665388e+01
6.518302005304678914e+01
6.504926483948209182e+01
6.491563749493928981e+01
6.478214067277826871e+01
6.464877699681521506e+01
6.451554906070946060e+01
6.438245942805410493e+01
6.424951063175390686e+01
6.411670517635192823e+01
6.398404553553362462e+01
6.385153415214140438e+01
6.371917344028348396e+01
6.358696578398763677e+01
6.345491353729934758e+01
6.332301902390060633e+01
6.319128453829251413e+01
6.305971234518759871e+01
6.292830468022528123e+01
6.279706374808825586e+01
6.266599172464450618e+01
6.253509075717618515e+01
6.240436296287727913e+01
6.227381042926783294e+01
6.214343521560703465e+01
6.201323935148888467e+01
6.188322483870112478e+01
6.175339364886919924e+01
6.162374772543631707e+01
6.149428898343333572e+01
6.136501931009092203e+01
6.123594056339022274e+01
6.110705457292863230e+01
6.097836313145148068e+01
6.084986797660913282e+01
6.072157089985234535e+01
6.059347362004736226e+01
6.046557782842898376e+01
6.033788518902407105e+01
6.021039734018599177e+01
6.008311589127929864e+01
5.995604242579996424e+01
5.982917850004842819e+01
5.970252564501097936e+01
5.957608536479226302e+01
5.944985913712421421e+01
5.932384841370407003e+01
5.919805462041989585e+01
5.907247915834724949e+01
5.894712335331804098e+01
5.882198857578644891e+01
5.869707617806380284e+01
5.857238746055320178e+01
5.844792369875924720e+01
5.832368614410942342e+01
5.819967602246515526e+01
5.807589453632920140e+01
5.795234286432548032e+01
5.782902216128047002e+01
5.770593355880374276e+01
5.758307816469543639e+01
5.746045704005940280e+01
5.733807120491560028e+01
5.721592176294408461e+01
5.709400973131883461e+01
5.697233610387527847e+01
5.685090185213267233e+01
5.672970792572898091e+01
5.660875525329344526e+01
5.648804474147532773e+01
5.636757727596347678e+01
5.624735371982468735e+01
5.612737491562807435e+01
5.600764159440637258e+01
5.588815464899951735e+01
5.576891486151929911e+01
5.564992299265934861e+01
5.553117978324530668e+01
5.541268595341282577e+01
5.529444220535064147e+01
5.517644922135571051e+01
5.505870766396631666e+01
5.494121817748709447e+01
5.482398137504349478e+01
5.470699779270175611e+01
5.459026809992446516e+01
5.447379286628287787e+01
5.435757264352425011e+01
5.424160796518680172e+01
5.412589934711721185e+01
5.401044728708998832e+01
5.389525226621781684e+01
5.378031474886910956e+01
5.366563518265360244e+01
5.355121398545328049e+01
5.343705150693760686e+01
5.332314822015189293e+01
5.320950450663811893e+01
5.309612073217165573e+01
5.298299724603860739e+01
5.287013438250131969e+01
5.275753245892236265e+01
5.264519177844787379e+01
5.253311262856505692e+01
5.242129528244189629e+01
5.230973999852931655e+01
5.219844697484922591e+01
5.208741645252981556e+01
5.197664868125005455e+01
5.186614386171240909e+01
5.175590218142286858e+01
5.164592381346137273e+01
5.153620891880389365e+01
5.142675764415567841e+01
5.131757012229768122e+01
5.120864647384511414e+01
5.109998680538733140e+01
5.099159121260088057e+01
5.088345977805807507e+01
5.077559252114502186e+01
5.066798953254262017e+01
5.056065087648805445e+01
5.045357658723956007e+01
5.034676668666546107e+01
5.024022118457331487e+01
5.013394008125662538e+01
5.002792336401531514e+01
4.992217101079530295e+01
4.981668298733129063e+01
4.971145924772348934e+01
4.960649973685606540e+01
4.950180438782169290e+01
4.939737312510066403e+01
4.929320586194202036e+01
4.918930250229020373e+01
4.908566289314221365e+01
4.898228696120367687e+01
4.887917458435077123e+01
4.877632562685479201e+01
4.867373994403045856e+01
4.857141738183113233e+01
4.846935777791140509e+01
4.836756095986702775e+01
4.826602674682457206e+01
4.816475494902902454e+01
4.806374536797724772e+01
4.796299779693430310e+01
4.786251202150506145e+01
4.776228781846464244e+01
4.766232495701381566e+01
4.756262319839232333e+01
4.746318229588098347e+01
4.736400199479918172e+01
4.726508203338691771e+01
4.716642214165724312e+01
4.706802204292534242e+01
4.696988145356601052e+01
4.687200008289701714e+01
4.677437763314205199e+01
4.667701380019941126e+01
4.657990827169955139e+01
4.648306073011061557e+01
4.638647085022176242e+01
4.629013830109260397e+01
4.619406274607310792e+01
4.609824384110935114e+01
4.600268123788715968e+01
4.590737458075441424e+01
4.581232350801247577e+01
4.571752765328412949e+01
4.562298664379584068e+01
4.552870010016963676e+01
4.543466763932893571e+01
4.534088887278176827e+01
4.524736340619805475e+01
4.515409084022164876e+01
4.506107077063885669e+01
4.496830278810480763e+01
4.487578647815631427e+01
4.478352142188666107e+01
4.469150719452743914e+01
4.459974336870524780e+01
4.450822951126756521e+01
4.441696518515630743e+01
4.432594994903001862e+01
4.423518335729323780e+01
4.414466496050263800e+01
4.405439430350924823e+01
4.396437092908251287e+01
4.387459437468960743e+01
4.378506417441777643e+01
4.369577985908946260e+01
4.360674095553937946e+01
4.351794698737779754e+01
4.342939747506788706e+01
4.334109193399390847e+01
4.325302987822887957e+01
4.316521081690211759e+01
4.307763425628671428e+01
4.299029967835899413e+01
4.290320656837229052e+01
4.281635445831725661e+01
4.272974284279886348e+01
4.264337121408922116e+01
4.255723906071371943e+01
4.247134586842977200e+01
4.238569112171892073e+01
4.230027430079255168e+01
4.221509488380969088e+01
4.213015234724361591e+01
4.204544616343916630e+01
4.196097580440347485e+01
4.187674070826450645e+01
4.179274032197038480e+01
4.170897415887539950e+01
4.162544168293921842e+01
4.154214235409251188e+01
4.145907563147887487e+01
4.137624097066702689e+01
4.129363782686510120e+01
4.121126565355059057e+01
4.112912390109156746e+01
4.104721195526907707e+01
4.096552929213499539e+01
4.088407539269052648e+01
4.080284970313338988e+01
4.072185166708669612e+01
4.064108072559540830e+01
4.056053631985831487e+01
4.048021788920069497e+01
4.040012480831492780e+01
4.032025652311047992e+01
4.024061252224264251e+01
4.016119224005238664e+01
4.008199511001534887e+01
4.000302056502855663e+01
3.992426803660929835e+01
3.984573689292263765e+01
3.976742655836451235e+01
3.968933652747099217e+01
3.961146622845841136e+01
3.953381508908584152e+01
3.945638253530545825e+01
3.937916797219865117e+01
3.930217072326016137e+01
3.922539033374302164e+01
3.914882622779344956e+01
3.907247782958744153e+01
3.899634456106652891e+01
3.892042579264762026e+01
3.884472089784769366e+01
3.876922939728376605e+01
3.869395071333295277e+01
3.861888426571102428e+01
3.854402947624874542e+01
3.846938560451904010e+01
3.839495222513258454e+01
3.832072876249792870e+01
3.824671463681615080e+01
3.817290926794223083e+01
3.809931191020586283e+01
3.802592213849833769e+01
3.795273938169116690e+01
3.787976337968758855e+01
3.780699254915685970e+01
3.773442716957642062e+01
3.766206648118585321e+01
3.758990990354733697e+01
3.751795685776097145e+01
3.744620662355305996e+01
3.737465870845992555e+01
3.730331258471352385e+01
3.723216767352378298e+01
3.716122330523874950e+01
3.709047888235801338e+01
3.701993393582777259e+01
3.694958788666553318e+01
3.687944008212436131e+01
3.680948988856236070e+01
3.673973686005201955e+01
3.667018042045243931e+01
3.660081989904251998e+01
3.653165469429533374e+01
3.646268435147327835e+01
3.639390829656343840e+01
3.632532580965006019e+01
3.625693638660533935e+01
3.618873953187315351e+01
3.612073467021819084e+01
3.605292100606687455e+01
3.598529819441986888e+01
3.591786566482972631e+01
3.585062273642510888e+01
3.578356882809454476e+01
3.571670349529773603e+01
3.565002615819228993e+01
3.558353603374022356e+01
3.551723278381104620e+01
3.545111584485047018e+01
3.538518447268348410e+01
3.531943821439416809e+01
3.525387657712695244e+01
3.518849887343532856e+01
3.512330453794674412e+01
3.505829313981910644e+01
3.499346403177707998e+01
3.492881657142685725e+01
3.486435037339192178e+01
3.480006481185456124e+01
3.473595920417242411e+01
3.467203319231487768e+01
3.460828615371330130e+01
3.454471740296501281e+01
3.448132659063052330e+01
3.441811307803607178e+01
3.435507621558597435e+01
3.429221564392957333e+01
3.422953068786663522e+01
3.416702077326895193e+01
3.410468550968149515e+01
3.404252416989396579e+01
3.398053628908540702e+01
3.391872142961107528e+01
3.385707879440941070e+01
3.379560806312153431e+01
3.373430868342688171e+01
3.367317992193645182e+01
3.361222148730477954e+01
3.355143269076141621e+01
3.349081300620888157e+01
3.343036204653135002e+01
3.337007900437693309e+01
3.330996359613825319e+01
3.325001521736580656e+01
3.319023323708498197e+01
3.313061733591129610e+01
3.307116673162988718e+01
3.301188109567844009e+01
3.295275985975847277e+01
3.289380239119557814e+01
3.283500838434547831e+01
3.277637703359341970e+01
3.271790806818733444e+01
3.265960085440542571e+01
3.260145485826080147e+01
3.254346970629293168e+01
3.248564461745597498e+01
3.242797937942082598e+01
3.237047322776840730e+01
3.231312582462911109e+01
3.225593659251310186e+01
3.219890498859649597e+01
3.214203063545276962e+01
3.208531280345420811e+01
3.202875127408719180e+01
3.197234522557110736e+01
3.191609445025986247e+01
3.185999823072605963e+01
3.180405620989285254e+01
3.174826781708400247e+01
3.169263256200911272e+01
3.163715000452529225e+01
3.158181953713519263e+01
3.152664083517611360e+01
3.147161318824423404e+01
3.141673637045411382e+01
3.136200958833504515e+01
3.130743269114431016e+01
3.125300483282698139e+01
3.119872588753304399e+01
3.114459503829209552e+01
3.109061211421619575e+01
3.103677634376734673e+01
3.098308752261247179e+01
3.092954490851454707e+01
3.087614828262017141e+01
3.082289691719761393e+01
3.076979059025766716e+01
3.071682857417261303e+01
3.066401066200630865e+01
3.061133610795527460e+01
3.055880473475529158e+01
3.050641576668762056e+01
3.045416907008465657e+01
3.040206382374209682e+01
3.035009992153497649e+01
3.029827657204584668e+01
3.024659361151892512e+01
3.019505032719435533e+01
3.014364647060291347e+01
3.009238142678131922e+01
3.004125484857205564e+01
2.999026623079605258e+01
2.993941511522394805e+01
2.988870112275526836e+01
2.983812366585135933e+01
2.978768250709898879e+01
2.973737691614879708e+01
2.968720675579134749e+01
2.963717130456662829e+01
2.958727034024660085e+01
2.953750329202013702e+01
2.948786975864138782e+01
2.943836936110200497e+01
2.938900150583425841e+01
2.933976599311748856e+01
2.929066209599247372e+01
2.924168964912070123e+01
2.919284806818151878e+01
2.914413695985227903e+01
2.909555598112816810e+01
2.904710449613701329e+01
2.899878233492522739e+01
2.895058885105740387e+01
2.890252375925947348e+01
2.885458664070168666e+01
2.880677692999757511e+01
2.875909442853042464e+01
2.871153849625398280e+01
2.866410886427773619e+01
2.861680512748454319e+01
2.856962670500831081e+01
2.852257340991581103e+01
2.847564465336855832e+01
2.842884009594225958e+01
2.838215943312724932e+01
2.833560198174082601e+01
2.828916760936035502e+01
2.824285582191998500e+01
2.819666612360716940e+01
2.815059829217599585e+01
2.810465176415807065e+01
2.805882619982464021e+01
2.801312130207328011e+01
2.796753645515173403e+01
2.792207144105065808e+01
2.787672590052905264e+01
2.783149919752860413e+01
2.778639118805241282e+01
2.774140144426231558e+01
2.769652940324844792e+01
2.765177488791120908e+01
2.760713745740333636e+01
2.756261659189827640e+01
2.751821209623807007e+01
2.747392353156419276e+01
2.742975038966848800e+01
2.738569247350419289e+01
2.734174936129346278e+01
2.729792052699018612e+01
2.725420578507348424e+01
2.721060474744997038e+01
2.716711683988712167e+01
2.712374190261970242e+01
2.708047956515498456e+01
2.703732926734373265e+01
2.699429080104852829e+01
2.695136382800969699e+01
2.690854785773791491e+01
2.686584256069113508e+01
2.682324766365382374e+01
2.678076275767533332e+01
2.673838736634026603e+01
2.669612129129741618e+01
2.665396417549469632e+01
2.661191550227357183e+01
2.656997503024465956e+01
2.652814244876250527e+01
2.648641735878760883e+01
2.644479930124556333e+01
2.640328807879629380e+01
2.636188334014299883e+01
2.632058462663331611e+01
2.627939162082990165e+01
2.623830405698472745e+01
2.619732158969706504e+01
2.615644372681605390e+01
2.611567023985615421e+01
2.607500082246818351e+01
2.603443513414113397e+01
2.599397267455686844e+01
2.595361325399211339e+01
2.591335654910737674e+01
2.587320222518266277e+01
2.583314979880140427e+01
2.579319906762347969e+01
2.575334971838056219e+01
2.571360142111367963e+01
2.567395373497620525e+01
2.563440639236556606e+01
2.559495911875246321e+01
2.555561158597889460e+01
2.551636342021517834e+01
2.547721424249291999e+01
2.543816383761717859e+01
2.539921188295171106e+01
2.536035805698374901e+01
2.532160192876934346e+01
2.528294326007454274e+01
2.524438176745739071e+01
2.520591713693545088e+01
2.516754905268395959e+01
2.512927706319957011e+01
2.509110099402277783e+01
2.505302053560908959e+01
2.501503537763720075e+01
2.497714521139804589e+01
2.493934960374292942e+01
2.490164836737833198e+01
2.486404120391325279e+01
2.482652780869859654e+01
2.478910787790232106e+01
2.475178103438593524e+01
2.471454700437460161e+01
2.467740553652999580e+01
2.464035633316413509e+01
2.460339909369514189e+01
2.456653352256448741e+01
2.452975921973418849e+01
2.449307598583656187e+01
2.445648353629599470e+01
2.441998157903157818e+01
2.438356982383992744e+01
2.434724797757788295e+01
2.431101567293754329e+01
2.427487267533076931e+01
2.423881872533535642e+01
2.420285353406060480e+01
2.416697681861712965e+01
2.413118829344066896e+01
2.409548766875028036e+01
2.405987458046255156e+01
2.402434883723454462e+01
2.398891015839804908e+01
2.395355826639075758e+01
2.391829288236198181e+01
2.388311372932678012e+01
2.384802053081832440e+01
2.381301295884847136e+01
2.377809076236018981e+01
2.374325369978209466e+01
2.370850149938378948e+01
2.367383388997416915e+01
2.363925060122623023e+01
2.360475136429010945e+01
2.357033591114383597e+01
2.353600396437609277e+01
2.350175520566415344e+01
2.346758943358835836e+01
2.343350638389819096e+01
2.339950579409324760e+01
2.336558739984201338e+01
2.333175094095040691e+01
2.329799615710682303e+01
2.326432278980612978e+01
2.323073057836369060e+01
2.319721926502117171e+01
2.316378853895413314e+01
2.313043820058575051e+01
2.309716799630617601e+01
2.306397767335673166e+01
2.303086697670877925e+01
2.299783565663231855e+01
2.296488346003400594e+01
2.293201013901977703e+01
2.289921544231733463e+01
2.286649912385844985e+01
2.283386093418123508e+01
2.280130062903317167e+01
2.276881796075068465e+01
2.273641265680579338e+01
2.270408449342374979e+01
2.267183323819303808e+01
2.263965864808862705e+01
2.260756048422292253e+01
2.257553850533594542e+01
2.254359247212820705e+01
2.251172214508296676e+01
2.247992728882118740e+01
2.244820766556590641e+01
2.241656303950194129e+01
2.238499317568358649e+01
2.235349784002980300e+01
2.232207679932048094e+01
2.229072982119213364e+01
2.225945667413343898e+01
2.222825712748070259e+01
2.219713095141338499e+01
2.216607791694899632e+01
2.213509779596593674e+01
2.210419036129920656e+01
2.207335538650885098e+01
2.204259264595707535e+01
2.201190191482147185e+01
2.198128297020076261e+01
2.195073558667561286e+01
2.192025954320723713e+01
2.188985461834248625e+01
2.185952059242581669e+01
2.182925724324113048e+01
2.179906435272773990e+01
2.176894170399360107e+01
2.173888907731364029e+01
2.170890625696414133e+01
2.167899302800334382e+01
2.164914917337140920e+01
2.161937448101356907e+01
2.158966873490768279e+01
2.156003172442092364e+01
2.153046323571519594e+01
2.150096305961568888e+01
2.147153098312565689e+01
2.144216679924199553e+01
2.141287029672444575e+01
2.138364126932088283e+01
2.135447950894762315e+01
2.132538480778671186e+01
2.129635696185184202e+01
2.126739576544713728e+01
2.123850101280655878e+01
2.120967250239140967e+01
2.118091003073588041e+01
2.115221339513859178e+01
2.112358239350227151e+01
2.109501682736036088e+01
2.106651649537915105e+01
2.103808119892043393e+01
2.100971073887690821e+01
2.098140491818343989e+01
2.095316353923933406e+01
2.092498640621836614e+01
2.089687332322378310e+01
2.086882409439841624e+01
2.084083852786075042e+01
2.081291642660579910e+01
2.078505756536822702e+01
2.075726178467565575e+01
2.072952889448695402e+01
2.070185870404408135e+01
2.067425102338753717e+01
2.064670566336529944e+01
2.061922243510561614e+01
2.059180115112873821e+01
2.056444162362867090e+01
2.053714366788041801e+01
2.050990709497987297e+01
2.048273172150643262e+01
2.045561736251901763e+01
2.042856382127590109e+01
2.040157088724485490e+01
2.037463841694812672e+01
2.034776623032521314e+01
2.032095414342164830e+01
2.029420197691339212e+01
2.026750955252799358e+01
2.024087668808929763e+01
2.021430320654076596e+01
2.018778893134318864e+01
2.016133368232138068e+01
2.013493724455351597e+01
2.010859945675521487e+01
2.008232016854510960e+01
2.005609920315461991e+01
2.002993638909192242e+01
2.000383155003662239e+01
1.997778451569626412e+01
1.995179511177503429e+01
1.992586316883320308e+01
1.989998846747116090e+01
1.987417085621413548e+01
1.984841019415724261e+01
1.982270631063317978e+01
1.979705903591755245e+01
1.977146820466222721e+01
1.974593364851033428e+01
1.972045520051879919e+01
1.969503263761677303e+01
1.966966582588950274e+01
1.964435462496503604e+01
1.961909887057147373e+01
1.959389839870861039e+01
1.956875304501475910e+01
1.954366264940991016e+01
1.951862700769866166e+01
1.949364595166226621e+01
1.946871936749707288e+01
1.944384709479597362e+01
1.941902897394000860e+01
1.939426484588777200e+01
1.936955455215998256e+01
1.934489785841649478e+01
1.932029466446106625e+01
1.929574483185920641e+01
1.927124820426136864e+01
1.924680462596896291e+01
1.922241394187144437e+01
1.919807593821165526e+01
1.917379047806825199e+01
1.914955744921949332e+01
1.912537669874861024e+01
1.910124807428228877e+01
1.907717142521080689e+01
1.905314652009587206e+01
1.902917325800291692e+01
1.900525151697445025e+01
1.898138114732939385e+01
1.895756200114534806e+01
1.893379390749736402e+01
1.891007664785325204e+01
1.888641016533889783e+01
1.886279431414897800e+01
1.883922894530865477e+01
1.881571391404873950e+01
1.879224897373288172e+01
1.876883406503624840e+01
1.874546905820430709e+01
1.872215381053644379e+01
1.869888817613076526e+01
1.867567191693694184e+01
1.865250496219360699e+01
1.862938719512219166e+01
1.860631847183620735e+01
1.858329865266062342e+01
1.856032748197810989e+01
1.853740492491316516e+01
1.851453085266888010e+01
1.849170512507294006e+01
1.846892757272934915e+01
1.844619799075365663e+01
1.842351633754203633e+01
1.840088247863289084e+01
1.837829627515264619e+01
1.835575750309354248e+01
1.833326607365726701e+01
1.831082189228925117e+01
1.828842482689460880e+01
1.826607470462340643e+01
1.824377132911849841e+01
1.822151466799584441e+01
1.819930458744791224e+01
1.817714095521772677e+01
1.815502349929089121e+01
1.813295222830279840e+01
1.811092701083203238e+01
1.808894771665254453e+01
1.806701409611347486e+01
1.804512611578025627e+01
1.802328366961575057e+01
1.800148662894851981e+01
1.797973475309110469e+01
1.795802799314156317e+01
1.793636625397413908e+01
1.791474941119658126e+01
1.789317721612866308e+01
1.787164963517257377e+01
1.785016657122237049e+01
1.782872789906877742e+01
1.780733335069084333e+01
1.778598293571303302e+01
1.776467653963449322e+01
1.774341401512209160e+01
1.772219513118398027e+01
1.770101989701535672e+01
1.767988819042662030e+01
1.765879981900229723e+01
1.763775464424111306e+01
1.761675263310453587e+01
1.759579366490196861e+01
1.757487749019386314e+01
1.755400408733521544e+01
1.753317336841364593e+01
1.751238517417576901e+01
1.749163930376978371e+01
1.747093576198252762e+01
1.745027443107877829e+01
1.742965507187898311e+01
1.740907764621156772e+01
1.738854208100445931e+01
1.736804820932603377e+01
1.734759585101166124e+01
1.732718500520120841e+01
1.730681555906545555e+01
1.728648723905063989e+01
1.726620007849118466e+01
1.724595397400667807e+01
1.722574870940511715e+01
1.720558420789810583e+01
1.718546042351611902e+01
1.716537718917889421e+01
1.714533433219631320e+01
1.712533185721909845e+01
1.710536963821326850e+01
1.708544742155177687e+01
1.706556525595758700e+01
1.704572303396204447e+01
1.702592047786511031e+01
1.700615763239427380e+01
1.698643440060496346e+01
1.696675053307254899e+01
1.694710602591247550e+01
1.692750080946897739e+01
1.690793465035243059e+01
1.688840751220982384e+01
1.686891934347508126e+01
1.684946992152914191e+01
1.683005919010413010e+01
1.681068711407834826e+01
1.679135346648210358e+01
1.677205819444072077e+01
1.675280126073650067e+01
1.673358243943451740e+01
1.671440168419153949e+01
1.669525895695564799e+01
1.667615401870700609e+01
1.665708684956869590e+01
1.663805740013182444e+01
1.661906541374460744e+01
1.660011090821154411e+01
1.658119381873935794e+01
1.656231386096729352e+01
1.654347110748140892e+01
1.652466544885137978e+01
1.650589662631520227e+01
1.648716472117859766e+01
1.646846957400884293e+01
1.644981100381646044e+01
1.643118905153976783e+01
1.641260351854348087e+01
1.639405431083866560e+01
1.637554142954883218e+01
1.635706462163787478e+01
1.633862389767843126e+01
1.632021920000961757e+01
1.630185024602066690e+01
1.628351713588931204e+01
1.626521970246187365e+01
1.624695778620168340e+01
1.622873142854057704e+01
1.621054039286908477e+01
1.619238465881225508e+01
1.617426419392548098e+01
1.615617870652032195e+01
1.613812830762255146e+01
1.612011281729500212e+01
1.610213210432025832e+01
1.608418620194762028e+01
1.606627484404237904e+01
1.604839807250942485e+01
1.603055578467731834e+01
1.601274777717612352e+01
1.599497412237565896e+01
1.597723458112060690e+01
1.595952914453358140e+01
1.594185775568267260e+01
1.592422017527780298e+01
1.590661649847960391e+01
1.588904649333280261e+01
1.587151013579958558e+01
1.585400738077348493e+01
1.583653798912153654e+01
1.581910205673263192e+01
1.580169934456838554e+01
1.578432984890134172e+01
1.576699349879951306e+01
1.574969008953031135e+01
1.573241970758827435e+01
1.571518208238429182e+01
1.569797726645912661e+01
1.568080512985500974e+01
1.566366553792780181e+01
1.564655854519959988e+01
1.562948383651797712e+01
1.561244155516799204e+01
1.559543147808325259e+01
1.557845357201760095e+01
1.556150778367673482e+01
1.554459391632270204e+01
1.552771206072542576e+01
1.551086192018854426e+01
1.549404360335564412e+01
1.547725691485043242e+01
1.546050180739878499e+01
1.544377823641522518e+01
1.542708601200889262e+01
1.541042522237589729e+01
1.539379556049627773e+01
1.537719716431299588e+01
1.536062979977834075e+01
1.534409347594606920e+01
1.532758808561562169e+01
1.531111351162816092e+01
1.529466977251130366e+01
1.527825662974825427e+01
1.526187420290486330e+01
1.524552219388322349e+01
1.522920072493445787e+01
1.521290956957297347e+01
1.519664874594003301e+01
1.518041813032116671e+01
1.516421763937758094e+01
1.514804725183682521e+01
1.513190678291825009e+01
1.511579631096040721e+01
1.509971555771701190e+01
1.508366467223330609e+01
1.506764334872112343e+01
1.505165172196135437e+01
1.503568954547661107e+01
1.501975687499986201e+01
1.500385354275776706e+01
1.498797952667280775e+01
1.497213473500856651e+01
1.495631907718482445e+01
1.494053252421253752e+01
1.492477492653370241e+01
1.490904631664690960e+01
1.489334648297432118e+01
1.487767551837599811e+01
1.486203315854774054e+01
1.484641954332695235e+01
1.483083436495444651e+01
1.481527779632367903e+01
1.479974952172867830e+01
1.478424970199357347e+01
1.476877805211092287e+01
1.475333469480902515e+01
1.473791937881529712e+01
1.472253219936945001e+01
1.470717293385549951e+01
1.469184164953982297e+01
1.467653814743568752e+01
1.466126247732712073e+01
1.464601445886229669e+01
1.463079412382610478e+01
1.461560130690946480e+01
1.460043602958855580e+01
1.458529813391284691e+01
1.457018763871490208e+01
1.455510438987039379e+01
1.454004840295426604e+01
1.452501952416607089e+01
1.451001777343004839e+01
1.449504299104533622e+01
1.448009520611314827e+01
1.446517424683389308e+01
1.445028015904157925e+01
1.443541275542469293e+01
1.442057209780707971e+01
1.440575797998058327e+01
1.439097048725773220e+01
1.437620938842041696e+01
1.436147479698368024e+01
1.434676645201261103e+01
1.433208449991061606e+01
1.431742864534697013e+01
1.430279906272816248e+01
1.428819544630604987e+01
1.427361796129725491e+01
1.425906633611967678e+01
1.424454068947257035e+01
1.423004079935476796e+01
1.421556673336778687e+01
1.420111832368458415e+01
1.418669558225657568e+01
1.417229839996429597e+01
1.415792672858170675e+01
1.414358052220302575e+01
1.412925966792405319e+01
1.411496418892138216e+01
1.410069390036177062e+01
1.408644889756769913e+01
1.407222892497475009e+01
1.405803413631186771e+01
1.404386424853257864e+01
1.402971940357688219e+01
1.401559937908466225e+01
1.400150423325564475e+01
1.398743382900633137e+01
1.397338813504784660e+01
1.395936710947344395e+01
1.394537062586228693e+01
1.393139874061523287e+01
1.391745122636241483e+01
1.390352822196701865e+01
1.388962945543200433e+01
1.387575506031173944e+01
1.386190484018113622e+01
1.384807881651705763e+01
1.383427690525634546e+01
1.382049901732019137e+01
1.380674518471785817e+01
1.379301519774238294e+01
1.377930918583287934e+01
1.376562688933180745e+01
1.375196842945424436e+01
1.373833363262723850e+01
1.372472249146670009e+01
1.371113496753114092e+01
1.369757091651743330e+01
1.368403043467177760e+01
1.367051324737463425e+01
1.365701951329174868e+01
1.364354903119671114e+01
1.363010182017741201e+01
1.361667782077927313e+01
1.360327690476252194e+01
1.358989916248951957e+01
1.357654432511153964e+01
1.356321254322725522e+01
1.354990363695027433e+01
1.353661759490008265e+01
1.352335439961278141e+01
1.351011387815879949e+01
1.349689614159360929e+01
1.348370095673795532e+01
1.347052841049190874e+01
1.345737839688030668e+01
1.344425082652675485e+01
1.343114576824013184e+01
1.341806295802257232e+01
1.340500255188062440e+01
1.339196437869451017e+01
1.337894841172568228e+01
1.336595466403348986e+01
1.335298292356685579e+01
1.334003331798630043e+01
1.332710566827212872e+01
1.331419997290652368e+01
1.330131622670815617e+01
1.328845423318621499e+01
1.327561411407550018e+01
1.326279568485028193e+01
1.324999895540229744e+01
1.323722391634366247e+01
1.322447037133019521e+01
1.321173843985601692e+01
1.319902795274288465e+01
1.318633889899456690e+01
1.317367129527279523e+01
1.316102491554169696e+01
1.314839989499574990e+01
1.313579608879495630e+01
1.312321343998343437e+01
1.311065199732875008e+01
1.309811154226830254e+01
1.308559217350423864e+01
1.307309380526027809e+01
1.306061631135112400e+01
1.304815977555816886e+01
1.303572402007200459e+01
1.302330906373053310e+01
1.301091491188554450e+01
1.299854133815917656e+01
1.298618847900883466e+01
1.297385621417154411e+01
1.296154444696140473e+01
1.294925324858743920e+01
1.293698244019304155e+01
1.292473204706787548e+01
1.291250207440082676e+01
1.290029229688593482e+01
1.288810284642556958e+01
1.287593362148113307e+01
1.286378450269645413e+01
1.285165556872351367e+01
1.283954667257316729e+01
1.282745778887908017e+01
1.281538894760029024e+01
1.280333996219563630e+01
1.279131089369173147e+01
1.277930172357887351e+01
1.276731224031687795e+01
1.275534257078626865e+01
1.274339262547926843e+01
1.273146226797182123e+01
1.271955158483328496e+01
1.270766045758329099e+01
1.269578881285470118e+01
1.268393670732998757e+01
1.267210399484322636e+01
1.266029065915447305e+01
1.264849672623705423e+01
1.263672202862174743e+01
1.262496659751142936e+01
1.261323043438869185e+01
1.260151335517610782e+01
1.258981542957928745e+01
1.257813664082467575e+01
1.256647678694377568e+01
1.255483597148394459e+01
1.254321415904902359e+01
1.253161114307776991e+01
1.252002704527814103e+01
1.250846181140950719e+01
1.249691525414833926e+01
1.248538748315992564e+01
1.247387844466078732e+01
1.246238795913929742e+01
1.245091613200547265e+01
1.243946290901614482e+01
1.242802811125808127e+01
1.241661184519260530e+01
1.240521406003169247e+01
1.239383457041063785e+01
1.238247348640216039e+01
1.237113076464207495e+01
1.235980620738252611e+01
1.234849992896209159e+01
1.233721188890400455e+01
1.232594190185146843e+01
1.231469005742583711e+01
1.230345632726479010e+01
1.229224054423649015e+01
1.228104276483204593e+01
1.226986297590870301e+01
1.225870103464647265e+01
1.224755695468057581e+01
1.223643074329604197e+01
1.222532228257792752e+01
1.221423153761488933e+01
1.220315854084391205e+01
1.219210320483429300e+01
1.218106543574166523e+01
1.217004529561098636e+01
1.215904273002827729e+01
1.214805758045100603e+01
1.213708994134024266e+01
1.212613977404240906e+01
1.211520691343736189e+01
1.210429142232669086e+01
1.209339328504341715e+01
1.208251238045186682e+01
1.207164868867955931e+01
1.206080223345289149e+01
1.204997294347495540e+01
1.203916070355706402e+01
1.202836558586286309e+01
1.201758755100392584e+01
1.200682643514846148e+01
1.199608231146756943e+01
1.198535515889975755e+01
1.197464486430823527e+01
1.196395139574052813e+01
1.195327478325783943e+01
1.194261497632805913e+01
1.193197182720019711e+01
1.192134542060729530e+01
1.191073572115555912e+01
1.190014260340715779e+01
1.188956607167619595e+01
1.187900613389744642e+01
1.186846273543929975e+01
1.185793574448213761e+01
1.184742524181180201e+01
1.183693118651012988e+01
1.182645346180734158e+01
1.181599206365016919e+01
1.180554700813530289e+01
1.179511824806228049e+01
1.178470563286852091e+01
1.177430925262831707e+01
1.176392906762919210e+01
1.175356498607781752e+01
1.174321695890606776e+01
1.173288502456822080e+01
1.172256914343081924e+01
1.171226917935638667e+01
1.170198517684429085e+01
1.169171712248130923e+01
1.168146496870953577e+01
1.167122858409294039e+01
1.166100804415540715e+01
1.165080331422036330e+01
1.164061431402537572e+01
1.163044097734482030e+01
1.162028334904369764e+01
1.161014139285570756e+01
1.160001499989704676e+01
1.158990416547360880e+01
1.157980890000059127e+01
1.156972917115101929e+01
1.155966485206958616e+01
1.154961597405920237e+01
1.153958253384054622e+01
1.152956449374757675e+01
1.151956171313404020e+01
1.150957425949939328e+01
1.149960210586919374e+01
1.148964522315443482e+01
1.147970345749819110e+01
1.146977689529962774e+01
1.145986550225590506e+01
1.144996924465064048e+01
1.144008797686557166e+01
1.143022178100939179e+01
1.142037062560723371e+01
1.141053447625851724e+01
1.140071318832306524e+01
1.139090684110408702e+01
1.138111540593200743e+01
1.137133884661521144e+01
1.136157703192918156e+01
1.135183002071014613e+01
1.134209779291777842e+01
1.133238031486108355e+01
1.132267746994225810e+01
1.131298928686450012e+01
1.130331576181665199e+01
1.129365685913925965e+01
1.128401248708786753e+01
1.127438263118426143e+01
1.126476730703634566e+01
1.125516648301413980e+01
1.124558009086476318e+01
1.123600806601743152e+01
1.122645044746984766e+01
1.121690720688667042e+01
1.120737830870548279e+01
1.119786362370223287e+01
1.118836322215600099e+01
1.117887707613685855e+01
1.116940515474544071e+01
1.115994736049543867e+01
1.115050369271849817e+01
1.114107415784211064e+01
1.113165872814582080e+01
1.112225735398495807e+01
1.111286993890589514e+01
1.110349653987308116e+01
1.109413712362989202e+01
1.108479166425243179e+01
1.107546006577065256e+01
1.106614232660547792e+01
1.105683845609214799e+01
1.104754842371665013e+01
1.103827219285684613e+01
1.102900964955807872e+01
1.101976085738278499e+01
1.101052578479804467e+01
1.100130440603679105e+01
1.099209665577204831e+01
1.098290247855744539e+01
1.097372190898856381e+01
1.096455491765632750e+01
1.095540147461916014e+01
1.094626149576389018e+01
1.093713497303219917e+01
1.092802191398492795e+01
1.091892229234817613e+01
1.090983607856609083e+01
1.090076317303333830e+01
1.089170359983937431e+01
1.088265735056495132e+01
1.087362439786861401e+01
1.086460471300542352e+01
1.085559819537330561e+01
1.084660487564200793e+01
1.083762474086780614e+01
1.082865776665037494e+01
1.081970392316631013e+01
1.081076311276005519e+01
1.080183536028419589e+01
1.079292065920623500e+01
1.078401898023940220e+01
1.077513029677170309e+01
1.076625452447782116e+01
1.075739166375390354e+01
1.074854171919707291e+01
1.073970466301150140e+01
1.073088046890086034e+01
1.072206907160726175e+01
1.071327043587072758e+01
1.070448458245842716e+01
1.069571148532590854e+01
1.068695111750202642e+01
1.067820344405295785e+01
1.066946837337028420e+01
1.066074595425458860e+01
1.065203616017691957e+01
1.064333896472865248e+01
1.063465434231808793e+01
1.062598221601895077e+01
1.061732258230613191e+01
1.060867544415805952e+01
1.060004077619701945e+01
1.059141855313365710e+01
1.058280874734780319e+01
1.057421125854231825e+01
1.056562613666280726e+01
1.055705335957978264e+01
1.054849290084618829e+01
1.053994473490469730e+01
1.053140881282294217e+01
1.052288508013459811e+01
1.051437356551897651e+01
1.050587424420904625e+01
1.049738708920783559e+01
1.048891207860889274e+01
1.048044915373412600e+01
1.047199828129706844e+01
1.046355947865034253e+01
1.045513272059123722e+01
1.044671798274879215e+01
1.043831524091414309e+01
1.042992444047813372e+01
1.042154554587652981e+01
1.041317857435747563e+01
1.040482350187219929e+01
1.039648030304455872e+01
1.038814895693255025e+01
1.037982942138814302e+01
1.037152163533789917e+01
1.036322562866606489e+01
1.035494137774601775e+01
1.034666885900553801e+01
1.033840804891834786e+01
1.033015892344394260e+01
1.032192139899406769e+01
1.031369550423903192e+01
1.030548122409350320e+01
1.029727853532596704e+01
1.028908741463133225e+01
1.028090783824568710e+01
1.027273976126737765e+01
1.026458313855428273e+01
1.025643799142191170e+01
1.024830429697582979e+01
1.024018203219163325e+01
1.023207117372496633e+01
1.022397169881687162e+01
1.021588354836917922e+01
1.020780670932307643e+01
1.019974118635440341e+01
1.019168695686160220e+01
1.018364399786142727e+01
1.017561228688063579e+01
1.016759180158374498e+01
1.015958248360455940e+01
1.015158432187648074e+01
1.014359731949266674e+01
1.013562145548386795e+01
1.012765670453184264e+01
1.011970304608946769e+01
1.011176045819977887e+01
1.010382889799488559e+01
1.009590832681548278e+01
1.008799876097524439e+01
1.008010017843231587e+01
1.007221255723007758e+01
1.006433587573360633e+01
1.005647011235916111e+01
1.004861524557408359e+01
1.004077120754335084e+01
1.003293801338924141e+01
1.002511565180100739e+01
1.001730410109262692e+01
1.000950333994790498e+01
1.000171334715093607e+01
9.993934101536224190e+00
9.986165580293429045e+00
9.978407711787102841e+00
9.970660529067906452e+00
9.962924008206105242e+00
9.955198129448760369e+00
9.947482871875854116e+00
9.939778214683457236e+00
9.932084137117314526e+00
9.924400618472692059e+00
9.916727594714441096e+00
9.909065080856466423e+00
9.901413064431828559e+00
9.893771524892622793e+00
9.886140441534491785e+00
9.878519793914390945e+00
9.870909563146289756e+00
9.863309726001277866e+00
9.855720247956019975e+00
9.848141091570447259e+00
9.840572269981562314e+00
9.833013764545260216e+00
9.825465552274815551e+00
9.817927614598527697e+00
9.810399931364393922e+00
9.802882482622498728e+00
9.795375249979041854e+00
9.787878195716652741e+00
9.780391285504718368e+00
9.772914530955779000e+00
9.765447912401324260e+00
9.757991411685400962e+00
9.750545006305276985e+00
9.743108678197833328e+00
9.735682407883420098e+00
9.728266177351278188e+00
9.720859964161524758e+00
9.713463715505199048e+00
9.706077438942237734e+00
9.698701125100017251e+00
9.691334751859386643e+00
9.683978301538815003e+00
9.676631755040036253e+00
9.669295094776337862e+00
9.661968298813322420e+00
9.654651349654667314e+00
9.647344228386678822e+00
9.640046890382722111e+00
9.632759328220691586e+00
9.625481537786312103e+00
9.618213501749213634e+00
9.610955198457791226e+00
9.603706610740768923e+00
9.596467720009082214e+00
9.589238509185157966e+00
9.582018956839347013e+00
9.574809045981785616e+00
9.567608759669028018e+00
9.560418046824057825e+00
9.553236913170247036e+00
9.546065349397183653e+00
9.538903334344018603e+00
9.531750851286494353e+00
9.524607883546668319e+00
9.517474410096562920e+00
9.510350414343886172e+00
9.503235879742661041e+00
9.496130785396402985e+00
9.489035114844076801e+00
9.481948851556742497e+00
9.474871941067375403e+00
9.467804401144382709e+00
9.460746215478524235e+00
9.453697363431491141e+00
9.446657828805285817e+00
9.439627595447909414e+00
9.432606642851720125e+00
9.425594954947262849e+00
9.418592515710985325e+00
9.411599304761057994e+00
9.404615307621794429e+00
9.397640503999300066e+00
9.390674877386141262e+00
9.383718382882298314e+00
9.376771030333037160e+00
9.369832805470531767e+00
9.362903688209975428e+00
9.355983662899278741e+00
9.349072713932025991e+00
9.342170821344570442e+00
9.335277971075685244e+00
9.328394143246566017e+00
9.321519322410697583e+00
9.314653493167103449e+00
9.307796635755774872e+00
9.300948736320334476e+00
9.294109775184052680e+00
9.287279725655222862e+00
9.280458569040819228e+00
9.273646300996212233e+00
9.266842907867667734e+00
9.260048370175756105e+00
9.253262674344506777e+00
9.246485800975543512e+00
9.239717736570373319e+00
9.232958461811040962e+00
9.226207961810702685e+00
9.219466221727696364e+00
9.212733222356106921e+00
9.206008950397151835e+00
9.199293386723731203e+00
9.192586518113445848e+00
9.185888325517346686e+00
9.179198795789126564e+00
9.172517899385272955e+00
9.165845622372273738e+00
9.159181957552748443e+00
9.152526891931202613e+00
9.145880406688505104e+00
9.139242488904308459e+00
9.132613119835040649e+00
9.125992286635074890e+00
9.119379970635796084e+00
9.112776159065981929e+00
9.106180833331322333e+00
9.099593980734667298e+00
9.093015582755372250e+00
9.086445626770004225e+00
9.079884094330909150e+00
9.073330972891751500e+00
9.066786244104891423e+00
9.060249895502131778e+00
9.053721908783547434e+00
9.047202271548853147e+00
9.040690965569330828e+00
9.034187969689071451e+00
9.027693266628471491e+00
9.021206852332483095e+00
9.014728710177978499e+00
9.008258823583364716e+00
9.001797180393264597e+00
8.995343762629630646e+00
8.988898558208513023e+00
8.982461549220037256e+00
8.976032723651362843e+00
8.969612063660092005e+00
8.963199557304140086e+00
8.956795188273970254e+00
8.950398940299738371e+00
8.944010801537281452e+00
8.937630754317503090e+00
8.931258786866104415e+00
8.924894881623453458e+00
8.918539026952723603e+00
8.912191206787621667e+00
8.905851405099779683e+00
8.899519610287223159e+00
8.893195804920292602e+00
8.886879977466069391e+00
8.880572112024289311e+00
8.874272192732064468e+00
8.867980208151864829e+00
8.861696141018216011e+00
8.855419979961741461e+00
8.849151709244965858e+00
8.842891312664335146e+00
8.836638770297197354e+00
8.830394074431799467e+00
8.824157213991671966e+00
8.817928173446048845e+00
8.811706937259232930e+00
8.805493494323396675e+00
8.799287829162828700e+00
8.793089926336694617e+00
8.786899774829148413e+00
8.780717359258625621e+00
8.774542664277772630e+00
8.768375678961927377e+00
8.762216386556978875e+00
8.756064776203659861e+00
8.749920832716128416e+00
8.743784541088711393e+00
8.737655890581832452e+00
8.731534866064977862e+00
8.725421452440325965e+00
8.719315639036770094e+00
8.713217410813211217e+00
8.707126752760602884e+00
8.701043654296217511e+00
8.694968100467006522e+00
8.688900076351332658e+00
8.682839571498469411e+00
8.676786571289165195e+00
8.670741062399910604e+00
8.664703030036355003e+00
8.658672463823975818e+00
8.652649349022880187e+00
8.646633670923204562e+00
8.640625419236243943e+00
8.634624579305844705e+00
8.628631136505289234e+00
8.622645080697516562e+00
8.616666397608014449e+00
8.610695074202798338e+00
8.604731095977614430e+00
8.598774452846809524e+00
8.592825130358248131e+00
